Action_1,ALX,0.8911133,0.9609375,0.6733398,0.6938477,1.04834,0.7470703,0.3378906,0.2583008,0.2475586,0.03515625,0.1196289,0.1435547,0.08886719,0.06835938,0.06933594,0.1015625,0.09716797,0.1108398,0.1010742,0.07421875,0.08398438,0.08105469,0.1171875,0.105957,0.09521484,0.078125,0.05712891,0.06835938,0.08984375,0.05322266,0.004394531,0.05664063,0.009277344,0.02636719,0.06054688,0.02490234,0.009765625,0.02832031,0.03027344,0.01855469,0.05419922,0.1010742,0.1376953,0.2138672,0,0,0,0
Action_1,ALY,-0.5307617,-0.4765625,-0.6235352,-0.5234375,-0.6303711,-0.8569336,-0.6865234,-0.7553711,-0.7260742,-0.7368164,-0.6879883,-0.8359375,-0.8271484,-0.8164063,-0.7626953,-0.8212891,-0.8271484,-0.8540039,-0.8608398,-0.8330078,-0.8525391,-0.8691406,-0.8671875,-0.8530273,-0.8515625,-0.8579102,-0.8378906,-0.8681641,-0.9003906,-0.8842773,-0.9770508,-0.9106445,-0.8198242,-0.8540039,-0.8447266,-0.8549805,-0.8496094,-0.8637695,-0.8647461,-0.8554688,-0.7993164,-0.7275391,-0.6049805,-0.6621094,0,0,0,0
Action_1,ALZ,0.1953125,0.1450195,0.3461914,0.199707,0.328125,0.4980469,0.4926758,0.4912109,0.5620117,0.5893555,0.5473633,0.6455078,0.6166992,0.5942383,0.5571289,0.5942383,0.6201172,0.5888672,0.5649414,0.543457,0.5844727,0.5600586,0.5356445,0.5400391,0.5727539,0.5629883,0.5307617,0.5307617,0.574707,0.5825195,0.3842773,0.5698242,0.5458984,0.5620117,0.4956055,0.5390625,0.5532227,0.5507813,0.5322266,0.5385742,0.5141602,0.4838867,0.5678711,0.3540039,0,0,0,0
Action_1,ARX,0.8847656,0.8852539,0.8847656,0.9038086,0.8955078,0.8632813,0.8803711,0.9130859,0.8642578,0.815918,0.8852539,0.9116211,0.8701172,1.029785,0.4433594,-0.1054688,-0.190918,-0.2338867,-0.3793945,-0.4501953,-0.559082,-0.5864258,-0.6254883,-0.6166992,-0.4926758,-0.4086914,-0.2905273,-0.2880859,-0.4199219,-0.2319336,0.5327148,0.3271484,0.4516602,0.7128906,0.6225586,0.5849609,0.5087891,0.5209961,0.5126953,0.4121094,0.3779297,0.5205078,0.6870117,0.8774414,0,0,0,0
Action_1,ARY,0.4072266,0.4013672,0.3969727,0.3886719,0.3813477,0.4072266,0.4057617,0.4291992,0.4423828,0.4458008,0.4418945,0.5561523,0.6289063,0.8217773,1.071289,0.5527344,0.6967773,0.5322266,0.5649414,0.5942383,0.6513672,0.7338867,0.7226563,0.6884766,0.6245117,0.5698242,0.7368164,0.7163086,0.6987305,0.7861328,0.9638672,0.9462891,0.8295898,0.8017578,0.7397461,0.684082,0.6445313,0.668457,0.6787109,0.628418,0.5527344,0.5458984,0.8168945,0.4023438,0,0,0,0
Action_1,ARZ,0.128418,0.1293945,0.1333008,0.1289063,0.1005859,0.1191406,0.1235352,0.1484375,0.1748047,0.1782227,0.152832,0.1142578,0.2260742,0.4716797,0.6582031,0.5288086,0.5639648,0.5380859,0.4921875,0.4448242,0.4003906,0.3955078,0.4331055,0.4453125,0.4672852,0.4399414,0.574707,0.5341797,0.4692383,0.5078125,0.7509766,0.4702148,0.6044922,0.5322266,0.5009766,0.5185547,0.5146484,0.5,0.515625,0.4663086,0.4858398,0.3764648,0.3100586,0.3574219,0,0,0,0
Action_1,EMG0L,-9,-6,3,-4,-4,21,11,12,-1,26,21,26,32,-28,-24,19,-28,3,3,16,16,-5,-6,-27,-15,-2,-1,-3,10,21,17,-90,7,10,-19,25,37,-5,-23,-22,-11,12,-20,-5,0,0,0,0
Action_1,EMG1L,-5,-3,1,2,6,12,-3,-8,1,19,-3,-7,7,0,-15,12,-3,1,9,4,-14,2,-4,-7,3,-13,-5,-1,-12,13,4,-11,19,3,-5,-16,3,0,-4,-2,-2,2,4,-8,0,0,0,0
Action_1,EMG2L,-4,-13,6,32,0,19,-1,22,-3,79,-34,3,-21,-15,-37,9,20,-43,-25,14,-24,-11,0,24,-3,-62,-8,24,-61,119,7,23,68,18,-69,32,27,15,-4,-11,10,28,82,-6,0,0,0,0
Action_1,EMG3L,-2,-5,1,-4,19,12,-11,-13,-17,7,14,1,9,-1,-2,-16,1,2,4,-7,4,-2,-4,5,6,-9,6,-12,12,16,7,0,-6,-14,-6,-8,39,-3,-3,-4,1,4,-2,-3,0,0,0,0
Action_1,EMG4L,-6,-1,-1,-16,32,1,25,-11,13,2,12,2,-2,-1,2,11,-7,9,12,1,17,-2,-10,-3,7,-4,2,21,1,0,-5,-9,-5,-7,3,-10,1,-6,-1,1,1,1,-3,-1,0,0,0,0
Action_1,EMG5L,-18,1,2,-2,13,9,21,-2,-14,-3,12,-8,-1,5,5,14,-14,6,13,14,29,-1,-21,-4,-12,6,26,-3,-30,10,11,-4,-18,-2,9,-4,-5,-16,2,20,-3,1,-1,5,0,0,0,0
Action_1,EMG6L,-29,9,-14,-11,5,7,3,-24,-37,3,17,1,1,10,-30,30,-26,16,12,33,121,-52,-4,52,0,-11,28,2,-73,6,70,6,10,40,35,7,-1,-10,1,28,-7,-8,-1,-9,0,0,0,0
Action_1,EMG7L,-10,8,-11,-15,18,-15,17,8,1,34,39,18,23,11,-63,37,-44,12,11,33,4,-22,-11,-29,-6,-37,45,17,11,15,41,-34,19,-17,-35,8,0,26,-35,-30,11,-17,-39,-16,0,0,0,0
Action_1,EMG0R,-7,8,-4,10,-9,4,1,-2,-1,2,3,-3,10,2,-16,1,-18,8,-7,9,48,-1,8,-2,-6,-6,-7,1,-32,-3,-33,15,-3,2,-9,22,-3,5,2,5,3,-3,12,-4,0,0,0,0
Action_1,EMG1R,1,0,-1,0,2,1,0,-1,1,3,8,-7,5,26,-3,6,-3,1,-3,3,-11,-1,-8,0,5,-13,-3,5,-9,-2,5,13,8,-8,-8,13,-6,14,-6,2,3,0,2,-1,0,0,0,0
Action_1,EMG2R,0,-1,-2,0,0,-2,0,-2,-1,2,4,-4,-2,26,-4,1,-8,6,2,-2,-8,1,-1,-2,4,0,-3,4,-2,-2,-13,16,1,0,-4,10,-11,4,2,3,-3,-1,0,1,0,0,0,0
Action_1,EMG3R,-1,-2,-2,0,0,0,-3,3,2,1,0,-2,-1,2,0,-4,-5,-8,12,-2,-10,4,-18,0,-5,-7,-4,36,11,-7,-36,8,-22,25,-28,2,-1,43,-5,6,1,2,-4,2,0,0,0,0
Action_1,EMG4R,-6,0,-3,2,1,-1,-6,8,7,0,4,8,-24,32,-20,-5,-3,-5,12,7,35,-20,8,-1,-28,-48,-23,57,7,-2,-9,-1,-4,26,-35,10,4,17,-6,4,31,1,-1,-4,0,0,0,0
Action_1,EMG5R,4,0,2,-5,-4,7,-6,-1,7,-3,8,5,9,-3,4,-9,18,30,24,13,6,1,28,-10,-35,5,1,9,13,7,10,-28,2,3,22,4,-1,13,-3,-5,4,-17,17,-1,0,0,0,0
Action_1,EMG6R,-13,0,-7,2,2,0,12,5,20,4,-1,5,-9,9,-14,-8,-21,44,9,-8,-1,6,-2,9,-6,-38,-4,41,-24,17,-26,-19,10,36,13,53,-2,-14,-13,-8,1,-4,-5,-9,0,0,0,0
Action_1,EMG7R,-3,2,2,-4,-10,2,-2,-2,1,4,6,-2,2,-2,22,-12,-52,18,18,31,18,-7,15,0,6,24,16,-13,-22,-14,-71,-7,13,-6,-28,21,-18,-17,-1,0,100,-58,-13,-15,0,0,0,0
Action_1,GLX,-10.6875,-24.25,-19.9375,6.625,31.5625,24.625,41.9375,9.625,-1.3125,-4.875,-13.3125,-7,-6.9375,-12.4375,-10.875,-8.875,1.5625,1.1875,-3.3125,-8,-6.875,-3.1875,-3.0625,-0.625,0.125,1,0.6875,1.9375,4.25,1,-13.9375,-7.0625,-3.8125,-3.875,-2.5625,-4.875,-2.1875,-1.0625,1.125,1.75,1.25,-11.6875,10.6875,-42.25,0,0,0,0
Action_1,GLY,-10.6875,-24.25,-19.9375,6.625,31.5625,24.625,41.9375,9.625,-1.3125,-4.875,-13.3125,-7,-6.9375,-12.4375,-10.875,-8.875,1.5625,1.1875,-3.3125,-8,-6.875,-3.1875,-3.0625,-0.625,0.125,1,0.6875,1.9375,4.25,1,-13.9375,-7.0625,-3.8125,-3.875,-2.5625,-4.875,-2.1875,-1.0625,1.125,1.75,1.25,-11.6875,10.6875,-42.25,0,0,0,0
Action_1,GLZ,-10.6875,-24.25,-19.9375,6.625,31.5625,24.625,41.9375,9.625,-1.3125,-4.875,-13.3125,-7,-6.9375,-12.4375,-10.875,-8.875,1.5625,1.1875,-3.3125,-8,-6.875,-3.1875,-3.0625,-0.625,0.125,1,0.6875,1.9375,4.25,1,-13.9375,-7.0625,-3.8125,-3.875,-2.5625,-4.875,-2.1875,-1.0625,1.125,1.75,1.25,-11.6875,10.6875,-42.25,0,0,0,0
Action_1,GRX,2.5,1.375,2.0625,-2.9375,-3.5,-6.25,-22.25,-3.0625,-2.875,-4,-21.875,-36.5,-58.75,-142.9375,-31.3125,-18.3125,-13.0625,5.25,-17.5625,-13.4375,-8.5625,2.5625,5.125,7.125,-7.625,-26.375,-45.1875,-56.75,-24.4375,15.5,7.125,10.1875,14.3125,-9.75,-7.625,-5.125,-3.625,-4.5625,-2.75,1.375,64.375,91.0625,-1.0625,-33,0,0,0,0
Action_1,GRY,2.5,1.375,2.0625,-2.9375,-3.5,-6.25,-22.25,-3.0625,-2.875,-4,-21.875,-36.5,-58.75,-142.9375,-31.3125,-18.3125,-13.0625,5.25,-17.5625,-13.4375,-8.5625,2.5625,5.125,7.125,-7.625,-26.375,-45.1875,-56.75,-24.4375,15.5,7.125,10.1875,14.3125,-9.75,-7.625,-5.125,-3.625,-4.5625,-2.75,1.375,64.375,91.0625,-1.0625,-33,0,0,0,0
Action_1,GRZ,2.5,1.375,2.0625,-2.9375,-3.5,-6.25,-22.25,-3.0625,-2.875,-4,-21.875,-36.5,-58.75,-142.9375,-31.3125,-18.3125,-13.0625,5.25,-17.5625,-13.4375,-8.5625,2.5625,5.125,7.125,-7.625,-26.375,-45.1875,-56.75,-24.4375,15.5,7.125,10.1875,14.3125,-9.75,-7.625,-5.125,-3.625,-4.5625,-2.75,1.375,64.375,91.0625,-1.0625,-33,0,0,0,0
Action_1,ORL,3.038082,3.088826,3.153626,3.190894,3.264532,3.34905,3.471867,3.5197,3.558127,3.559953,3.531766,3.508893,3.504112,3.486804,3.477542,3.466017,3.464804,3.464061,3.459176,3.445702,3.43167,3.422311,3.41677,3.414106,3.412709,3.415475,3.422696,3.420668,3.419456,3.421238,3.396656,3.399595,3.402203,3.402535,3.398052,3.388381,3.386244,3.38655,3.387853,3.390244,3.393242,3.383741,3.376058,3.327571,0,0,0,0
Action_1,OPL,3.312074,3.379632,3.538556,3.632905,3.736243,3.913775,4.167645,4.410977,4.665582,4.816958,4.888236,4.895959,4.907469,4.91445,4.897074,4.875806,4.845765,4.839419,4.837533,4.83102,4.82788,4.827601,4.834128,4.834543,4.836822,4.84393,4.860435,4.862901,4.876412,4.907379,4.929206,4.924421,4.927741,4.947981,4.95736,4.949497,4.947658,4.951344,4.957056,4.958489,4.951723,4.91191,4.717443,4.448338,0,0,0,0
Action_1,OYL,3.371357,3.28838,3.115474,3.075337,3.064497,2.990852,2.90343,2.845958,2.797027,2.768396,2.757317,2.764206,2.770575,2.765242,2.758719,2.75169,2.733935,2.721853,2.71121,2.694315,2.678585,2.668521,2.675295,2.681799,2.686661,2.68853,2.695987,2.706475,2.732424,2.75557,2.752495,2.739562,2.735981,2.723806,2.720815,2.717263,2.716934,2.718667,2.71437,2.712647,2.720999,2.741141,2.766634,2.835484,0,0,0,0
Action_1,ORR,6.988598,6.994943,7.001971,7.002744,6.998401,6.997115,6.987572,6.966103,6.9444,6.925843,6.902128,6.848668,6.784254,6.652303,6.577928,6.50192,6.501193,6.518965,6.562507,6.581392,6.582886,6.591834,6.6075,6.631134,6.62305,6.592147,6.530001,6.453415,6.396008,6.390673,6.433067,6.480583,6.47707,6.472647,6.472371,6.478921,6.473905,6.471208,6.469392,6.481658,6.553653,6.694141,6.82975,6.800711,0,0,0,0
Action_1,OPR,3.18347,3.183697,3.186196,3.187988,3.189892,3.192071,3.19751,3.222687,3.25616,3.2898,3.321483,3.407947,3.552149,3.761318,4.30353,4.838557,5.332044,5.796918,5.995052,6.078889,6.082664,6.047403,6.015777,6.003543,5.993468,5.923056,5.695993,5.470442,5.213943,4.893428,4.510073,4.312356,4.121112,4.033261,4.028374,4.054381,4.095335,4.116708,4.134907,4.154983,4.133934,4.020373,3.72669,3.507673,0,0,0,0
Action_1,OYR,9.879134,9.876572,9.873311,9.869928,9.868269,9.866414,9.845529,9.84163,9.862623,9.875796,9.873966,9.868202,9.845522,9.781231,9.749349,9.753507,9.794481,9.920704,0.03786134,0.1332321,0.20129,0.2188992,0.2308328,0.2419744,0.2427085,0.2601748,0.3247276,0.4014396,0.4630706,0.5170306,0.5303146,0.5245169,0.5712557,0.5695904,0.5479152,0.5346474,0.5225604,0.5105352,0.4952636,0.4614477,0.4412652,0.4166261,0.3894405,0.3256916,0,0,0,0
Action_2,ALX,0.6396484,0.418457,0.5073242,0.3032227,0.2412109,0.262207,0.1005859,0.1254883,0.1796875,0.1660156,0.1054688,0.1005859,0.1196289,0.1479492,0.1513672,0.2124023,0.1708984,0.1206055,0.09130859,0.1152344,0.08496094,0.1054688,0.144043,0.1191406,0.08447266,0.1108398,0.1279297,0.09619141,0.09033203,0.07958984,0.07958984,0.08740234,0.08154297,0.08837891,0.05273438,0.1362305,0.2172852,0.796875,0.6103516,0.8676758,1.139648,1.004395,0.9199219,0.8681641,0,0,0,0
Action_2,ALY,-0.7924805,-0.7382813,-0.6899414,-0.6655273,-0.6533203,-0.7866211,-0.7563477,-0.8041992,-0.8154297,-0.8637695,-0.8271484,-0.800293,-0.809082,-0.8530273,-0.8334961,-0.8491211,-0.8188477,-0.8071289,-0.8232422,-0.8237305,-0.8442383,-0.8608398,-0.8696289,-0.8178711,-0.8066406,-0.8178711,-0.84375,-0.8603516,-0.8452148,-0.8422852,-0.8457031,-0.8583984,-0.8540039,-0.8105469,-0.7036133,-0.6201172,-0.7163086,-0.7387695,-0.7612305,-0.625,-0.4018555,-0.4130859,-0.4194336,-0.3876953,0,0,0,0
Action_2,ALZ,0.4174805,0.4575195,0.487793,0.4970703,0.5327148,0.6352539,0.5703125,0.5615234,0.5400391,0.6152344,0.6396484,0.578125,0.5874023,0.59375,0.5683594,0.5620117,0.5712891,0.5444336,0.5732422,0.581543,0.5527344,0.5561523,0.5722656,0.5463867,0.5800781,0.59375,0.578125,0.5336914,0.5527344,0.5634766,0.5551758,0.5576172,0.5400391,0.5385742,0.4897461,0.3466797,0.3481445,0.4863281,0.5444336,0.1782227,0.07763672,0.02441406,0.08007813,0.08740234,0,0,0,0
Action_2,ARX,0.9130859,0.9604492,0.9526367,0.8916016,0.8696289,0.9711914,0.8217773,0.6386719,0.5786133,0.6142578,0.5541992,0.1269531,-0.3398438,-0.5541992,-0.3032227,-0.184082,-0.3862305,-0.4829102,-0.5175781,-0.3334961,-0.3061523,-0.3505859,-0.3505859,-0.1264648,-0.09765625,0.121582,0.453125,0.5292969,0.4755859,0.4775391,0.4599609,0.5605469,0.4975586,0.4321289,0.347168,0.6079102,0.855957,1.013184,0.9545898,0.9384766,0.9428711,0.9448242,0.9003906,0.9951172,0,0,0,0
Action_2,ARY,0.3388672,0.3364258,0.3510742,0.4008789,0.4179688,0.4755859,0.5844727,0.6757813,0.6723633,0.8339844,1.082031,1.020508,0.7607422,0.6245117,0.7773438,0.6635742,0.6655273,0.6899414,0.6982422,0.6762695,0.7041016,0.8168945,0.8789063,0.8671875,0.8637695,0.9067383,0.925293,0.7895508,0.7700195,0.7451172,0.7138672,0.7475586,0.7167969,0.6704102,0.5551758,0.6557617,0.5932617,0.4116211,0.4018555,0.3374023,0.371582,0.2397461,0.4038086,0.2246094,0,0,0,0
Action_2,ARZ,0.09619141,0.04882813,0.1401367,0.109375,0.1801758,0.1791992,0.2832031,0.3066406,0.3198242,0.3417969,0.5717773,0.5458984,0.4604492,0.4213867,0.5053711,0.4394531,0.355957,0.3139648,0.3701172,0.4575195,0.5,0.4375,0.5053711,0.5410156,0.4873047,0.5522461,0.4638672,0.5170898,0.5268555,0.4760742,0.4589844,0.4863281,0.4692383,0.4306641,0.4262695,0.2680664,0.2314453,0.1943359,0.1450195,0.1113281,0.1088867,0.1000977,-0.03320313,-0.02490234,0,0,0,0
Action_2,EMG0L,15,6,-8,11,-4,17,0,-6,-25,11,23,30,-40,48,3,1,-23,9,-5,-27,30,-3,-13,-10,8,11,-20,3,-44,14,14,-13,4,-9,5,1,-16,7,-1,-31,2,0,-6,-10,0,0,0,0
Action_2,EMG1L,5,-6,-5,8,3,9,11,-5,-2,4,2,-7,-7,-4,4,8,-7,-1,-6,-15,7,-5,-15,-5,2,4,5,-1,5,6,5,3,-2,-11,2,-1,-10,6,-5,-3,-3,-5,8,-1,0,0,0,0
Action_2,EMG2L,-4,58,-32,-33,114,27,-52,-42,28,11,3,-18,3,-23,7,115,40,3,-7,-17,-114,-5,-34,-23,-9,3,24,45,24,41,16,37,28,103,-4,33,-1,-7,8,-1,1,-2,17,53,0,0,0,0
Action_2,EMG3L,-6,-31,-4,10,-23,-19,-13,-5,-8,-13,-4,13,2,0,-3,14,2,8,-6,-8,4,8,-7,-11,-5,2,13,-3,5,5,3,-4,-6,6,-4,1,-26,-3,-1,1,-5,-1,4,20,0,0,0,0
Action_2,EMG4L,12,-23,3,11,-3,6,-9,-11,10,-11,-5,4,4,2,7,0,-14,3,2,-11,9,9,-10,-12,-6,-4,4,1,-8,11,5,11,-3,7,0,4,-8,-5,-3,5,-2,-6,1,5,0,0,0,0
Action_2,EMG5L,17,-23,42,-1,-16,14,-18,-17,19,5,-3,5,4,9,9,-6,-5,4,-4,-2,15,13,-1,-49,-15,-21,-3,2,-17,3,9,15,-29,7,1,12,-13,-6,-1,14,0,-6,-1,-7,0,0,0,0
Action_2,EMG6L,44,-25,3,-9,-12,42,19,-21,32,27,27,-2,-2,25,-1,-48,51,-11,-40,-19,51,18,26,-52,32,-10,6,-6,34,-43,-22,1,-7,-24,19,31,-1,-3,-14,45,6,-37,3,-1,0,0,0,0
Action_2,EMG7L,3,3,1,39,1,36,-8,-18,-11,-13,38,-17,13,37,69,-82,-1,-50,0,10,48,-51,-31,-9,7,-3,22,-23,26,22,-9,21,7,11,16,8,-9,8,18,17,11,-4,6,-10,0,0,0,0
Action_2,EMG0R,-7,-4,-29,0,-15,-5,-13,13,14,39,-2,16,-20,11,17,-13,12,-30,-2,-24,16,-25,-26,15,28,20,-26,-5,7,37,-21,-12,-6,12,-38,-8,-5,7,8,3,8,0,3,-7,0,0,0,0
Action_2,EMG1R,-2,16,-7,-1,-1,2,-10,-2,8,-7,-14,12,-9,1,5,7,-11,-12,-12,3,-15,-13,10,2,30,-9,5,-17,-2,10,-10,-29,0,-1,-3,-8,-1,-2,2,-2,-2,3,-5,-7,0,0,0,0
Action_2,EMG2R,-1,6,-5,-1,7,5,-5,1,20,-1,1,6,12,3,1,8,-1,-14,2,-2,-3,-20,-5,6,22,-8,13,2,-7,-1,-9,-18,1,0,-5,-7,2,-3,-2,-1,-3,2,-2,-2,0,0,0,0
Action_2,EMG3R,2,1,0,-6,10,0,-4,-4,44,-5,7,-32,5,-4,-24,23,12,-7,-11,21,86,-34,-40,13,5,7,-27,-30,10,-14,6,32,10,-2,-12,-7,11,0,-2,1,0,0,1,-1,0,0,0,0
Action_2,EMG4R,5,-6,-2,-11,16,9,-2,-13,19,20,14,-21,12,-13,-15,19,-29,-18,-22,-5,-6,-10,78,1,39,-11,-39,12,19,18,10,42,-9,1,-24,-7,-2,3,-2,1,-4,1,-2,4,0,0,0,0
Action_2,EMG5R,7,2,17,-9,-10,11,-18,-9,-3,2,3,-2,3,-15,-14,4,-33,-34,53,-15,-6,2,9,24,24,38,10,14,11,17,7,-4,2,19,13,15,0,-9,7,-8,-36,-11,-7,9,0,0,0,0
Action_2,EMG6R,6,1,-13,-12,-5,-3,-48,10,2,14,11,-4,10,-14,38,10,6,-7,50,63,-29,15,23,5,31,22,-33,-58,-5,4,-1,-2,0,7,-5,-6,-3,0,16,-37,7,-40,-44,-1,0,0,0,0
Action_2,EMG7R,-3,2,-4,-1,-2,2,-26,0,40,-3,6,3,-26,12,25,-3,4,3,24,8,-36,-26,-9,10,-6,-12,14,-15,8,-38,-38,18,-10,-1,13,7,-14,12,6,-24,8,2,-2,-2,0,0,0,0
Action_2,GLX,16.25,19.75,15.5625,-9.125,-11.6875,-5.9375,4.0625,1.625,-13.6875,-12.6875,-3.0625,0.8125,-2.625,-0.125,-5.375,-5.3125,-1.0625,1.625,1.125,2.25,-1.8125,-1.25,-2.75,-5.875,-7,-0.625,2.4375,1.0625,-2.6875,-1.625,0.625,-0.9375,-1.6875,-1.4375,-6.25,-20.4375,-50.625,-19.625,-13.0625,-3,10.1875,-1.9375,-9.375,25.125,0,0,0,0
Action_2,GLY,16.25,19.75,15.5625,-9.125,-11.6875,-5.9375,4.0625,1.625,-13.6875,-12.6875,-3.0625,0.8125,-2.625,-0.125,-5.375,-5.3125,-1.0625,1.625,1.125,2.25,-1.8125,-1.25,-2.75,-5.875,-7,-0.625,2.4375,1.0625,-2.6875,-1.625,0.625,-0.9375,-1.6875,-1.4375,-6.25,-20.4375,-50.625,-19.625,-13.0625,-3,10.1875,-1.9375,-9.375,25.125,0,0,0,0
Action_2,GLZ,16.25,19.75,15.5625,-9.125,-11.6875,-5.9375,4.0625,1.625,-13.6875,-12.6875,-3.0625,0.8125,-2.625,-0.125,-5.375,-5.3125,-1.0625,1.625,1.125,2.25,-1.8125,-1.25,-2.75,-5.875,-7,-0.625,2.4375,1.0625,-2.6875,-1.625,0.625,-0.9375,-1.6875,-1.4375,-6.25,-20.4375,-50.625,-19.625,-13.0625,-3,10.1875,-1.9375,-9.375,25.125,0,0,0,0
Action_2,GRX,1.9375,-38,-35.9375,-48.25,-37.9375,-77.4375,-15.375,-4.4375,-0.5,0.5625,-3.5,-38.0625,-30.0625,-14.75,25.6875,-0.8125,-10.1875,-11.4375,-13.4375,-45.8125,-75.6875,-58.6875,-43.6875,-10,1.5625,13.5625,0.0625,-2.125,1.25,-0.6875,7.25,2.1875,-5.5,-4.625,24.4375,62.5625,-8.375,-33.3125,-12.5625,-10.875,24.5625,-20.3125,14,9.375,0,0,0,0
Action_2,GRY,1.9375,-38,-35.9375,-48.25,-37.9375,-77.4375,-15.375,-4.4375,-0.5,0.5625,-3.5,-38.0625,-30.0625,-14.75,25.6875,-0.8125,-10.1875,-11.4375,-13.4375,-45.8125,-75.6875,-58.6875,-43.6875,-10,1.5625,13.5625,0.0625,-2.125,1.25,-0.6875,7.25,2.1875,-5.5,-4.625,24.4375,62.5625,-8.375,-33.3125,-12.5625,-10.875,24.5625,-20.3125,14,9.375,0,0,0,0
Action_2,GRZ,1.9375,-38,-35.9375,-48.25,-37.9375,-77.4375,-15.375,-4.4375,-0.5,0.5625,-3.5,-38.0625,-30.0625,-14.75,25.6875,-0.8125,-10.1875,-11.4375,-13.4375,-45.8125,-75.6875,-58.6875,-43.6875,-10,1.5625,13.5625,0.0625,-2.125,1.25,-0.6875,7.25,2.1875,-5.5,-4.625,24.4375,62.5625,-8.375,-33.3125,-12.5625,-10.875,24.5625,-20.3125,14,9.375,0,0,0,0
Action_2,ORL,3.287748,3.431488,3.499376,3.518281,3.510458,3.508149,3.525223,3.52016,3.506207,3.474362,3.47153,3.471537,3.464657,3.462302,3.461769,3.458885,3.455686,3.456585,3.454605,3.450305,3.449071,3.445905,3.438482,3.432129,3.421167,3.419638,3.423658,3.425498,3.419624,3.416935,3.417717,3.420623,3.418918,3.417891,3.412942,3.380324,3.30424,3.181311,3.127779,3.027815,2.788273,2.638427,2.648563,2.80548,0,0,0,0
Action_2,OPL,3.602732,4.113344,4.341404,4.514703,4.618223,4.651151,4.733773,4.775762,4.785699,4.767566,4.76252,4.765616,4.756648,4.752275,4.756646,4.757428,4.757542,4.764106,4.773983,4.780211,4.78411,4.791837,4.815985,4.826793,4.831966,4.840882,4.845132,4.847255,4.849242,4.855437,4.866472,4.879735,4.882461,4.878611,4.853361,4.729498,4.471121,4.029446,3.817877,3.518855,3.135994,3.013914,2.96204,2.967287,0,0,0,0
Action_2,OYL,3.074758,2.909564,2.858377,2.810865,2.765415,2.747177,2.724557,2.712509,2.707977,2.712365,2.724785,2.736238,2.725162,2.702702,2.682096,2.664002,2.661715,2.675831,2.690742,2.697248,2.696651,2.703109,2.71891,2.728825,2.72758,2.720901,2.717165,2.704867,2.700953,2.704418,2.710238,2.712441,2.713264,2.722282,2.734381,2.760436,2.82217,2.959696,3.017792,3.162767,3.540976,3.693888,3.671074,3.544174,0,0,0,0
Action_2,ORR,7.126871,7.120065,7.055492,7.00276,6.930775,6.861033,6.808379,6.779612,6.788123,6.797746,6.776066,6.712063,6.643262,6.635451,6.742743,6.781433,6.812574,6.802712,6.767924,6.706949,6.641281,6.566815,6.498297,6.478149,6.497954,6.523135,6.554706,6.554702,6.571959,6.580591,6.592139,6.601219,6.59741,6.58768,6.60628,6.782856,6.847738,6.933894,7.008531,7.08164,7.081096,7.027092,6.983436,7.094712,0,0,0,0
Action_2,OPR,3.035313,3.05076,3.093858,3.16179,3.257578,3.357876,3.499977,3.731843,3.942555,4.072195,4.346349,4.693806,5.105639,5.493802,5.863025,5.988442,6.047698,6.048112,5.997578,5.845289,5.677672,5.445844,5.215573,4.919865,4.718266,4.54393,4.345962,4.240299,4.176514,4.159683,4.14406,4.116246,4.123145,4.126871,4.097856,3.876901,3.600558,3.299878,3.149207,3.041647,2.950495,2.92993,2.921163,2.914586,0,0,0,0
Action_2,OYR,9.809175,9.777272,9.768957,9.762857,9.74626,9.699675,9.694889,9.679619,9.661636,9.654337,9.683966,9.756094,9.883999,0.04904196,0.2163445,0.2950679,0.370565,0.3962579,0.3841358,0.428089,0.5239959,0.6429758,0.71158,0.7263185,0.7193776,0.6925303,0.6190358,0.582881,0.5654772,0.5537792,0.5446434,0.5406349,0.5374629,0.5323913,0.5228958,0.4627208,0.4088085,0.2516451,0.1320305,0.03125699,0.03943508,0.08281103,0.1412756,0.03439801,0,0,0,0
Action_3,ALX,0.9477539,0.9487305,0.9448242,0.9521484,0.9428711,0.9458008,1.038086,1.007324,0.7758789,0.4946289,0.4008789,0.3496094,0.3129883,0.2524414,0.2109375,0.1542969,0.159668,0.144043,0.112793,0.09716797,0.2016602,0.1923828,0.1743164,0.1513672,0.1381836,0.1181641,0.1381836,0.1455078,0.140625,0.1298828,0.1645508,0.1494141,0.1289063,0.1342773,0.1103516,0.1469727,0.1533203,0.1210938,0.1245117,0.09423828,0.1171875,0.1201172,0.1420898,0.1508789,0.1772461,0,0,0
Action_3,ALY,-0.3276367,-0.3242188,-0.3149414,-0.3046875,-0.3032227,-0.3491211,-0.4111328,-0.5292969,-0.6313477,-0.6420898,-0.6264648,-0.6416016,-0.7089844,-0.7314453,-0.7514648,-0.7890625,-0.7714844,-0.8120117,-0.7905273,-0.769043,-0.7758789,-0.7827148,-0.8320313,-0.8505859,-0.7944336,-0.7802734,-0.8266602,-0.8427734,-0.8334961,-0.8242188,-0.8286133,-0.7719727,-0.796875,-0.8198242,-0.8164063,-0.7875977,-0.8505859,-0.8164063,-0.8168945,-0.8061523,-0.8051758,-0.8139648,-0.8242188,-0.7446289,-0.6118164,0,0,0
Action_3,ALZ,0.02392578,0.05273438,0.04931641,0.05908203,0.03125,0.02392578,0.01367188,0.3012695,0.3925781,0.4125977,0.4609375,0.5009766,0.5556641,0.5922852,0.5874023,0.6098633,0.5883789,0.605957,0.5712891,0.5986328,0.6225586,0.6220703,0.6220703,0.6020508,0.5957031,0.5961914,0.5786133,0.5786133,0.5849609,0.5795898,0.5947266,0.6098633,0.6049805,0.5839844,0.6245117,0.6186523,0.5922852,0.5864258,0.6088867,0.605957,0.6040039,0.609375,0.5976563,0.5717773,0.5161133,0,0,0
Action_3,ARX,0.9321289,0.9355469,0.9350586,0.9428711,0.9375,0.9379883,0.9438477,0.9584961,0.887207,0.9570313,0.9526367,0.9301758,0.934082,0.9291992,0.9462891,0.9970703,1.102051,1.182129,0.8237305,0.3032227,-0.02441406,-0.21875,-0.1259766,-0.2001953,-0.3242188,-0.4125977,-0.4760742,-0.4526367,-0.347168,-0.230957,-0.2729492,-0.2587891,-0.01318359,0.05371094,0.02539063,0.4902344,1.010254,0.9648438,0.8178711,0.8022461,0.7851563,0.8188477,0.9077148,0.8510742,0.8769531,0,0,0
Action_3,ARY,0.2431641,0.2553711,0.2573242,0.2495117,0.2573242,0.2563477,0.2475586,0.2695313,0.2910156,0.2226563,0.2382813,0.2597656,0.2836914,0.2827148,0.28125,0.3056641,0.3198242,0.4633789,0.9658203,0.9770508,0.5234375,0.5493164,0.7529297,0.8500977,0.7709961,0.7216797,0.6777344,0.6835938,0.71875,0.6948242,0.7216797,0.7514648,0.8691406,0.737793,0.8237305,0.6474609,0.5063477,0.7348633,0.6879883,0.5771484,0.5136719,0.4624023,0.4121094,0.4511719,0.3320313,0,0,0
Action_3,ARZ,0.0625,0.06884766,0.06152344,0.05712891,0.05517578,0.06396484,0.05664063,0.02929688,0.1303711,0.07275391,0.08007813,0.06787109,0.05908203,0.06933594,0.04882813,0.00390625,0.04199219,0.2011719,0.4125977,0.4692383,0.3823242,0.5932617,0.652832,0.5551758,0.4643555,0.4321289,0.484375,0.5126953,0.5458984,0.5449219,0.5585938,0.4921875,0.6225586,0.5307617,0.2436523,0.4277344,0.3105469,0.2856445,0.2138672,0.2563477,0.2587891,0.1728516,0.152832,0.2084961,0.1469727,0,0,0
Action_3,EMG0L,3,-2,0,18,-14,8,13,18,12,6,-6,-5,22,-8,3,3,19,-10,12,67,-1,-6,-3,28,12,32,-28,24,11,-9,-20,-7,1,3,27,-25,27,19,-2,23,17,2,7,2,-13,0,0,0
Action_3,EMG1L,3,-2,-1,0,-4,-8,7,11,6,-2,19,-10,7,10,-1,-4,-1,-11,2,12,2,9,-16,2,0,0,-11,-1,0,7,-6,2,-3,-3,-3,15,8,3,6,-4,4,-21,5,3,-2,0,0,0
Action_3,EMG2L,17,-11,-25,-11,19,-8,44,20,-45,26,25,43,59,56,5,-14,21,-8,51,-40,5,-48,9,2,-34,0,20,-1,24,-54,-7,25,-20,-44,-78,36,-49,-25,47,11,25,-78,68,10,-10,0,0,0
Action_3,EMG3L,12,-6,5,6,5,-3,29,19,1,6,-4,8,0,4,-21,5,-1,-7,-15,7,-4,-9,-5,6,1,-4,5,-13,4,6,-17,0,16,-6,13,2,-12,2,-4,-16,-3,-23,8,-3,1,0,0,0
Action_3,EMG4L,4,-3,-1,0,4,7,-5,6,14,5,-3,-3,-13,7,2,10,-8,-5,-9,-4,-7,3,-2,-3,14,-4,-1,-10,3,2,-6,0,4,-4,14,5,0,10,-10,-15,-7,-2,-2,0,-3,0,0,0
Action_3,EMG5L,0,-6,0,-8,5,19,19,2,14,-6,2,-9,-7,1,8,2,-10,5,-15,5,0,12,-4,-5,19,1,-5,-22,-7,-7,-6,3,-7,-2,25,-13,-1,25,-6,-5,-8,8,-1,-6,-7,0,0,0
Action_3,EMG6L,-14,-7,-8,1,14,21,13,85,57,-23,-8,-19,-21,-25,9,36,16,-13,-33,55,-9,58,-47,-75,5,-31,42,-38,-61,-17,27,19,-74,1,-2,15,28,49,-5,-27,10,47,-21,-26,-36,0,0,0
Action_3,EMG7L,3,-14,2,14,3,36,-2,14,13,39,9,9,14,-8,9,-8,-1,4,-44,25,-1,14,-12,-15,2,43,13,26,5,-21,7,25,-22,-11,-3,-31,10,4,-1,3,-21,7,1,-16,4,0,0,0
Action_3,EMG0R,-1,26,15,-15,-1,-35,-8,-17,-3,15,9,4,-6,6,0,9,0,13,23,-1,20,-21,-22,-56,38,5,-41,5,-12,33,-17,-20,-2,11,-7,44,3,-18,-23,14,-20,1,1,-26,2,0,0,0
Action_3,EMG1R,0,-2,-11,-2,-7,-1,-3,-6,0,1,-1,-2,-2,-2,4,10,6,6,12,4,53,-13,16,-11,1,-2,2,3,-9,17,-3,-23,-8,8,-10,2,-8,-3,3,2,-1,-1,-7,-3,1,0,0,0
Action_3,EMG2R,-2,-3,-7,1,-5,0,-3,-3,0,2,-2,-2,-1,-1,3,2,9,24,-40,-4,23,-16,6,3,-11,16,-6,4,-8,4,-22,11,-2,4,-3,-3,1,-3,-1,9,-5,1,-6,0,1,0,0,0
Action_3,EMG3R,0,-2,-2,-1,-2,-1,0,-1,-1,1,-4,-3,-3,-1,-4,-22,14,-13,-5,-30,8,-13,-1,51,-46,87,-7,31,-10,27,-84,55,-42,-2,-31,-7,42,3,8,3,-2,1,-4,-2,1,0,0,0
Action_3,EMG4R,0,-6,-3,1,-3,0,-4,5,-4,1,4,-5,1,2,-2,-38,-10,4,77,-23,10,-7,9,26,-17,33,-24,81,-22,54,-47,46,8,17,-10,16,9,17,25,-21,-17,-17,6,-6,-1,0,0,0
Action_3,EMG5R,11,8,-17,4,9,-9,-15,11,-3,27,-16,-14,-13,10,-3,1,13,25,3,19,-22,-24,-3,6,23,23,13,-14,-33,-9,25,15,30,-15,16,8,7,10,-16,-26,8,9,-4,-7,-4,0,0,0
Action_3,EMG6R,-9,-6,-6,-9,0,1,15,2,-1,9,-4,-14,-2,0,-1,22,-15,28,-2,25,10,-50,-7,18,56,-28,-22,-26,5,-13,1,21,-30,-11,-14,89,25,-18,-20,13,-18,-6,3,-9,-4,0,0,0
Action_3,EMG7R,-6,0,-20,-15,-5,-8,-5,-6,-1,1,-2,-7,10,0,-6,1,-4,4,29,5,9,-11,-52,-17,35,2,-5,14,-15,3,-8,15,-7,0,-11,27,19,-24,-10,46,-11,-9,-4,-22,1,0,0,0
Action_3,GLX,-0.3125,4.625,3.5625,-7.75,-4.6875,1.875,40.9375,27.1875,17.75,20.875,12.125,10.6875,-0.3125,0.375,-10.9375,-3.6875,0,6.1875,-7.125,-4.1875,-7,-5.25,-1.25,-1.875,-3.625,-2.5625,2.4375,-0.6875,-0.4375,-2.1875,-3.3125,-0.625,3.875,1.75,2.3125,1,2.125,-1.6875,-3.375,-0.5625,2.875,0.375,-4.9375,-2.25,-17.0625,0,0,0
Action_3,GLY,-0.3125,4.625,3.5625,-7.75,-4.6875,1.875,40.9375,27.1875,17.75,20.875,12.125,10.6875,-0.3125,0.375,-10.9375,-3.6875,0,6.1875,-7.125,-4.1875,-7,-5.25,-1.25,-1.875,-3.625,-2.5625,2.4375,-0.6875,-0.4375,-2.1875,-3.3125,-0.625,3.875,1.75,2.3125,1,2.125,-1.6875,-3.375,-0.5625,2.875,0.375,-4.9375,-2.25,-17.0625,0,0,0
Action_3,GLZ,-0.3125,4.625,3.5625,-7.75,-4.6875,1.875,40.9375,27.1875,17.75,20.875,12.125,10.6875,-0.3125,0.375,-10.9375,-3.6875,0,6.1875,-7.125,-4.1875,-7,-5.25,-1.25,-1.875,-3.625,-2.5625,2.4375,-0.6875,-0.4375,-2.1875,-3.3125,-0.625,3.875,1.75,2.3125,1,2.125,-1.6875,-3.375,-0.5625,2.875,0.375,-4.9375,-2.25,-17.0625,0,0,0
Action_3,GRX,1.375,-1.9375,0.5625,-0.625,-0.5625,-0.5625,-1.5,-12.3125,3.1875,3.6875,-13,-12.625,-11.0625,-7.375,-17.125,-41.3125,-68.375,-45.1875,-8.9375,-31.75,-36,-4,-13.25,-22.4375,-26.125,-13.4375,-8.375,-11.9375,-16.25,-26.4375,-23.625,0.8125,12,30.125,67,56.9375,-13.9375,-54.75,-15.25,-15.3125,-0.1875,-5.25,-5.4375,-8.875,-31.8125,0,0,0
Action_3,GRY,1.375,-1.9375,0.5625,-0.625,-0.5625,-0.5625,-1.5,-12.3125,3.1875,3.6875,-13,-12.625,-11.0625,-7.375,-17.125,-41.3125,-68.375,-45.1875,-8.9375,-31.75,-36,-4,-13.25,-22.4375,-26.125,-13.4375,-8.375,-11.9375,-16.25,-26.4375,-23.625,0.8125,12,30.125,67,56.9375,-13.9375,-54.75,-15.25,-15.3125,-0.1875,-5.25,-5.4375,-8.875,-31.8125,0,0,0
Action_3,GRZ,1.375,-1.9375,0.5625,-0.625,-0.5625,-0.5625,-1.5,-12.3125,3.1875,3.6875,-13,-12.625,-11.0625,-7.375,-17.125,-41.3125,-68.375,-45.1875,-8.9375,-31.75,-36,-4,-13.25,-22.4375,-26.125,-13.4375,-8.375,-11.9375,-16.25,-26.4375,-23.625,0.8125,12,30.125,67,56.9375,-13.9375,-54.75,-15.25,-15.3125,-0.1875,-5.25,-5.4375,-8.875,-31.8125,0,0,0
Action_3,ORL,2.72881,2.71014,2.702584,2.707492,2.716209,2.722965,2.797527,3.184735,3.345738,3.442243,3.500292,3.538808,3.549018,3.555014,3.54156,3.542795,3.547939,3.548567,3.537732,3.525314,3.519288,3.51901,3.518817,3.514385,3.50635,3.505255,3.508709,3.508472,3.506198,3.505892,3.497429,3.498121,3.500077,3.50059,3.505102,3.513507,3.520051,3.518638,3.517403,3.519172,3.520917,3.522074,3.517317,3.514148,3.500435,0,0,0
Action_3,OPL,3.010118,3.010308,3.011344,3.011654,3.012527,3.017431,3.052738,3.323099,3.640053,4.071515,4.327047,4.496456,4.594864,4.647672,4.675186,4.706561,4.730683,4.752164,4.778536,4.786041,4.765321,4.753233,4.756604,4.761814,4.764411,4.760206,4.756838,4.756231,4.758676,4.764129,4.776652,4.793246,4.804461,4.810918,4.815011,4.814272,4.804567,4.796759,4.7877,4.791262,4.799428,4.804524,4.803056,4.795757,4.743268,0,0,0
Action_3,OYL,3.473186,3.495525,3.509802,3.498887,3.483913,3.470366,3.427412,3.155184,3.019484,2.893965,2.825024,2.782181,2.762088,2.754439,2.750836,2.739948,2.739056,2.747096,2.758341,2.76892,2.763795,2.744021,2.727823,2.719934,2.7157,2.712726,2.714954,2.712147,2.710156,2.713859,2.728504,2.736214,2.739143,2.745479,2.743237,2.735885,2.73672,2.742722,2.749657,2.754563,2.75795,2.758379,2.759622,2.768567,2.791842,0,0,0
Action_3,ORR,7.125472,7.127419,7.127103,7.126587,7.127496,7.125035,7.116315,7.101495,7.050665,7.084217,7.097398,7.098257,7.099717,7.105115,7.110901,7.092896,6.96539,6.807695,6.794413,6.795434,6.724538,6.676841,6.66301,6.633509,6.598762,6.570376,6.548871,6.530989,6.519166,6.504776,6.483384,6.473203,6.495937,6.569377,6.688705,6.758216,6.834381,6.87165,6.874608,6.878636,6.87434,6.874069,6.883169,6.873568,6.849791,0,0,0
Action_3,OPR,2.921356,2.922228,2.922988,2.923099,2.923182,2.924146,2.925713,2.931076,2.941977,2.932614,2.93186,2.937745,2.942209,2.947361,2.961131,2.99157,3.081198,3.275756,3.758653,4.251555,4.744412,5.224942,5.460475,5.635456,5.721443,5.785303,5.807425,5.78753,5.724874,5.595214,5.339794,5.128046,4.895351,4.626789,4.412451,4.132224,3.77335,3.597958,3.479469,3.403522,3.374552,3.341426,3.270757,3.220739,3.164781,0,0,0
Action_3,OYR,0.07341184,0.07148537,0.072053,0.07267217,0.07184006,0.07382557,0.0804658,0.08556723,0.1061473,0.07986125,0.05380893,0.02630728,0.004671062,9.98105,9.941019,9.911248,9.935906,0.01247525,9.98629,9.939145,9.955719,0.09586976,0.1166988,0.1188625,0.1485266,0.1662119,0.1721811,0.1675824,0.1881439,0.2596119,0.4064723,0.4854258,0.5375856,0.5395976,0.5184498,0.4538806,0.3583596,0.283284,0.2485119,0.2204507,0.2132422,0.1966327,0.1795651,0.1766284,0.1522109,0,0,0
Action_4,ALX,0.4326172,0.6181641,0.5957031,0.3544922,0.3349609,0.2314453,0.215332,0.1806641,0.125,0.09082031,0.125,0.1337891,0.05322266,0.06884766,0.1171875,0.09960938,0.1274414,0.1411133,0.1650391,0.1582031,0.1591797,0.1489258,0.1220703,0.121582,0.1171875,0.03369141,0.1333008,0.171875,0.15625,0.1113281,0.09960938,0.09667969,0.09472656,0.1113281,0.1079102,0.06787109,0.01269531,0.1533203,0.1088867,0.1518555,0.3447266,0.4619141,0.4389648,0.5712891,0,0,0,0
Action_4,ALY,-0.6108398,-0.6918945,-0.7666016,-0.7646484,-0.7734375,-0.7451172,-0.7983398,-0.847168,-0.8310547,-0.8041992,-0.8144531,-0.8310547,-0.8188477,-0.8115234,-0.8291016,-0.8422852,-0.8496094,-0.8569336,-0.8208008,-0.8344727,-0.8398438,-0.8481445,-0.8486328,-0.8505859,-0.8496094,-0.8320313,-0.9038086,-0.8515625,-0.800293,-0.7890625,-0.8535156,-0.8500977,-0.8417969,-0.8295898,-0.8447266,-0.8500977,-0.8354492,-0.840332,-0.7387695,-0.7084961,-0.7705078,-0.7709961,-0.7519531,-0.737793,0,0,0,0
Action_4,ALZ,0.328125,0.4145508,0.4433594,0.5317383,0.5205078,0.5239258,0.5947266,0.5927734,0.5371094,0.5522461,0.5888672,0.5947266,0.5361328,0.5444336,0.5654297,0.5722656,0.5566406,0.5888672,0.6040039,0.5844727,0.5493164,0.5585938,0.5722656,0.5732422,0.5620117,0.5620117,0.5581055,0.5810547,0.5849609,0.5664063,0.5805664,0.5488281,0.5732422,0.5854492,0.5776367,0.5712891,0.5268555,0.5688477,0.5444336,0.4584961,0.5693359,0.4633789,0.3911133,0.3706055,0,0,0,0
Action_4,ARX,0.9399414,0.9296875,0.9130859,0.902832,0.9145508,0.9287109,0.9106445,0.9077148,0.9228516,0.9155273,0.9130859,0.9189453,0.9741211,1.123047,1.083984,0.6625977,-0.09423828,-0.1206055,-0.1582031,-0.2138672,-0.3583984,-0.4550781,-0.4492188,-0.3359375,-0.1572266,-0.2543945,-0.3520508,-0.1474609,0.1069336,0.5527344,0.7246094,0.597168,0.7426758,0.7084961,0.8798828,0.7514648,0.7407227,0.800293,0.7075195,0.777832,0.8632813,0.9580078,0.9658203,0.9575195,0,0,0,0
Action_4,ARY,0.3134766,0.2958984,0.3110352,0.3261719,0.3125,0.3320313,0.3271484,0.3168945,0.3266602,0.3525391,0.3251953,0.3256836,0.3515625,0.4150391,0.7666016,0.9272461,0.6547852,0.6166992,0.5859375,0.6791992,0.7788086,0.734375,0.6845703,0.684082,0.7119141,0.7211914,0.6518555,0.9248047,0.8081055,0.859375,0.9282227,0.7026367,0.6298828,0.625,0.5615234,0.5620117,0.6015625,0.5712891,0.5048828,0.4594727,0.3969727,0.3554688,0.3378906,0.3813477,0,0,0,0
Action_4,ARZ,0.1083984,0.1005859,0.09765625,0.1098633,0.1171875,0.1142578,0.1108398,0.1142578,0.1118164,0.1323242,0.1054688,0.1040039,0.05566406,0.03759766,0.4575195,0.5883789,0.4614258,0.5019531,0.6147461,0.5214844,0.5224609,0.4760742,0.4882813,0.5600586,0.605957,0.5175781,0.5214844,0.4863281,0.640625,0.6313477,0.4487305,0.3579102,0.3139648,0.3510742,0.2729492,0.3051758,0.2866211,0.2592773,0.246582,0.2524414,0.2250977,0.07128906,0.08544922,0.1669922,0,0,0,0
Action_4,EMG0L,-11,3,9,12,9,15,2,-37,-7,-19,-14,2,-25,11,-3,-8,-15,6,-8,13,6,15,4,3,-39,6,-29,17,-18,23,9,-26,-37,19,18,4,-21,-14,-2,-10,6,5,6,1,0,0,0,0
Action_4,EMG1L,1,-11,10,-1,-5,-1,-6,-16,-12,-2,-10,0,-1,2,-4,-7,-1,-3,-9,-8,-12,-12,-4,0,-9,-11,-13,1,-22,25,-3,1,-15,-9,0,-1,-12,-8,10,-12,6,-3,3,-1,0,0,0,0
Action_4,EMG2L,27,-38,4,2,15,30,19,-14,-9,-22,-12,-16,19,7,-21,0,-14,-1,-15,-25,-96,-44,-5,-22,18,-10,-6,-6,-34,50,-5,-28,-10,-11,-91,24,-33,-5,24,-26,26,-13,-27,3,0,0,0,0
Action_4,EMG3L,4,-10,0,0,0,2,-7,-7,-1,9,-11,4,-6,3,6,-15,-10,4,6,-4,1,-5,-1,-5,2,4,0,5,1,6,17,-4,-7,-4,-6,5,-10,-8,-4,6,3,-4,2,-3,0,0,0,0
Action_4,EMG4L,6,-8,7,6,1,11,-16,1,3,6,-2,-3,-6,0,-2,-5,-5,11,4,-4,1,-4,4,-8,-5,3,-1,1,-2,-7,-2,-2,-5,-4,3,-3,-5,-8,-2,1,1,4,0,-3,0,0,0,0
Action_4,EMG5L,1,-5,14,8,-3,15,-15,-1,0,3,2,-4,-8,-1,-4,-8,-5,16,4,-2,13,-7,-4,-9,-1,-11,6,5,-5,-2,-21,14,13,-14,29,-1,-19,-14,-3,-4,-12,6,1,-1,0,0,0,0
Action_4,EMG6L,-11,-22,-5,4,-11,21,35,-17,-8,5,20,43,-26,58,2,-5,-21,25,46,45,7,-12,10,-27,20,0,12,2,41,24,2,44,65,7,25,-13,-27,-12,-13,-13,-26,28,-43,7,0,0,0,0
Action_4,EMG7L,-28,-5,7,48,-16,7,-9,-5,3,-24,2,34,-39,35,5,21,27,37,36,18,1,-14,-6,-1,-17,27,5,15,4,46,17,-7,6,-2,24,-19,2,-23,-15,-7,2,-9,5,-4,0,0,0,0
Action_4,EMG0R,15,24,-20,9,-8,18,-37,5,8,-12,6,7,18,-5,-2,23,-17,-49,-9,-12,23,3,10,-22,1,-15,-17,-5,6,-27,-14,24,-12,2,-11,5,4,-4,13,-5,-6,35,-13,27,0,0,0,0
Action_4,EMG1R,-8,6,-2,1,-7,2,-2,1,3,-2,2,3,6,-5,-53,18,-8,-11,2,7,16,-11,13,-11,-4,-2,4,13,7,-8,2,-10,-1,-2,2,5,-1,0,2,-3,-2,3,-4,4,0,0,0,0
Action_4,EMG2R,-4,4,3,1,-3,3,1,-1,-1,0,3,4,1,-8,5,10,-14,-14,-2,-2,4,-9,0,-14,-3,-5,5,-3,-3,-3,-1,-11,-1,3,-1,-3,-5,2,1,-1,-1,1,-2,4,0,0,0,0
Action_4,EMG3R,-1,3,-2,3,3,7,1,6,-1,4,4,0,10,6,8,3,-4,-3,-5,-12,0,-12,-5,-10,-14,5,21,-8,-11,16,1,10,5,-47,-17,2,-12,2,-1,2,-1,-1,1,-2,0,0,0,0
Action_4,EMG4R,13,-5,-6,0,0,3,-5,0,-7,-5,-1,-8,5,10,1,-10,-20,5,-2,-21,5,-3,-1,15,-31,-13,4,-13,-10,6,-22,14,-31,-44,-22,8,9,-4,0,-3,8,-4,-1,-1,0,0,0,0
Action_4,EMG5R,2,-13,-14,-4,7,8,20,3,9,-9,-28,12,5,-7,-27,-14,2,9,-3,20,17,3,33,61,-25,-21,-4,10,-6,-4,-33,0,-14,12,4,6,6,0,-3,2,0,4,-5,1,0,0,0,0
Action_4,EMG6R,-6,2,9,1,-13,6,-2,-1,3,-27,-9,-8,20,10,-9,-6,-7,1,-21,8,0,-15,-3,-12,-6,-18,6,7,-6,-8,-11,12,-28,10,7,-10,-10,34,-21,-1,-4,-1,7,1,0,0,0,0
Action_4,EMG7R,-8,-1,12,-3,-16,8,2,-4,-6,-18,5,-13,-13,2,-20,29,-5,-46,4,-12,-7,-39,-4,-9,0,-13,-2,8,-19,-9,2,11,9,68,-7,-4,-12,15,-23,2,6,14,-9,2,0,0,0,0
Action_4,GLX,13.5625,6,2.0625,7,6.1875,-9.3125,1.125,5.9375,-1.875,-3.8125,-5.8125,-4.1875,0.9375,-1.75,-4.4375,-1.8125,-1.625,-5.75,-4.6875,3.25,3.3125,0.4375,-0.6875,-0.8125,0.6875,6,6.6875,-3.8125,-4.5625,-4,0.875,2,0.8125,3.5,2.5,0.8125,-0.1875,-5.75,-8.375,-19.375,-20.875,-24.25,-14.8125,3.6875,0,0,0,0
Action_4,GLY,13.5625,6,2.0625,7,6.1875,-9.3125,1.125,5.9375,-1.875,-3.8125,-5.8125,-4.1875,0.9375,-1.75,-4.4375,-1.8125,-1.625,-5.75,-4.6875,3.25,3.3125,0.4375,-0.6875,-0.8125,0.6875,6,6.6875,-3.8125,-4.5625,-4,0.875,2,0.8125,3.5,2.5,0.8125,-0.1875,-5.75,-8.375,-19.375,-20.875,-24.25,-14.8125,3.6875,0,0,0,0
Action_4,GLZ,13.5625,6,2.0625,7,6.1875,-9.3125,1.125,5.9375,-1.875,-3.8125,-5.8125,-4.1875,0.9375,-1.75,-4.4375,-1.8125,-1.625,-5.75,-4.6875,3.25,3.3125,0.4375,-0.6875,-0.8125,0.6875,6,6.6875,-3.8125,-4.5625,-4,0.875,2,0.8125,3.5,2.5,0.8125,-0.1875,-5.75,-8.375,-19.375,-20.875,-24.25,-14.8125,3.6875,0,0,0,0
Action_4,GRX,-2.4375,-10.75,-10,-2.75,-2.375,-6.3125,-3.9375,-3.3125,1.375,1.5,-3.5,-4.3125,-15.625,-84.1875,-66.3125,-36.0625,-15.125,-11.9375,-12.6875,-8.3125,-26.25,-10.625,-3.5,-13.75,-39.5625,-43.5625,-12,37.1875,15.6875,-1.5,-9.3125,24.1875,-6.0625,-12.5625,-25.6875,-4.5,-36.875,-10.9375,3.375,4.875,-9.25,-15.875,-12.5,0.375,0,0,0,0
Action_4,GRY,-2.4375,-10.75,-10,-2.75,-2.375,-6.3125,-3.9375,-3.3125,1.375,1.5,-3.5,-4.3125,-15.625,-84.1875,-66.3125,-36.0625,-15.125,-11.9375,-12.6875,-8.3125,-26.25,-10.625,-3.5,-13.75,-39.5625,-43.5625,-12,37.1875,15.6875,-1.5,-9.3125,24.1875,-6.0625,-12.5625,-25.6875,-4.5,-36.875,-10.9375,3.375,4.875,-9.25,-15.875,-12.5,0.375,0,0,0,0
Action_4,GRZ,-2.4375,-10.75,-10,-2.75,-2.375,-6.3125,-3.9375,-3.3125,1.375,1.5,-3.5,-4.3125,-15.625,-84.1875,-66.3125,-36.0625,-15.125,-11.9375,-12.6875,-8.3125,-26.25,-10.625,-3.5,-13.75,-39.5625,-43.5625,-12,37.1875,15.6875,-1.5,-9.3125,24.1875,-6.0625,-12.5625,-25.6875,-4.5,-36.875,-10.9375,3.375,4.875,-9.25,-15.875,-12.5,0.375,0,0,0,0
Action_4,ORL,3.344393,3.387368,3.402006,3.448541,3.455624,3.468761,3.473287,3.480132,3.480816,3.473335,3.459189,3.455712,3.46386,3.45997,3.449166,3.444587,3.439296,3.4298,3.428279,3.436555,3.441693,3.444886,3.443164,3.442184,3.443418,3.444481,3.44782,3.443111,3.43592,3.43735,3.448863,3.452456,3.453074,3.462833,3.469304,3.468365,3.465978,3.448223,3.442864,3.412923,3.381844,3.351279,3.314426,3.275164,0,0,0,0
Action_4,OPL,3.951273,4.137661,4.208837,4.411753,4.453878,4.623619,4.67983,4.717355,4.759978,4.793529,4.809235,4.812878,4.842904,4.851341,4.834927,4.802234,4.780343,4.767233,4.76717,4.77699,4.782576,4.774965,4.766235,4.76397,4.770733,4.795448,4.824765,4.848631,4.856799,4.855841,4.83743,4.833253,4.83986,4.853427,4.852285,4.847065,4.857275,4.85825,4.835083,4.75516,4.519042,4.370456,4.096714,3.873389,0,0,0,0
Action_4,OYL,2.89609,2.839153,2.814713,2.757885,2.746924,2.699085,2.67415,2.670863,2.672994,2.678455,2.690188,2.69964,2.71142,2.714603,2.721176,2.739318,2.751525,2.749688,2.739758,2.733135,2.728575,2.726323,2.725955,2.723946,2.725667,2.755177,2.819808,2.85094,2.845425,2.834635,2.810689,2.800768,2.799762,2.80096,2.80321,2.809202,2.82434,2.838548,2.852454,2.881368,2.917504,2.929019,2.954835,2.995244,0,0,0,0
Action_4,ORR,6.995373,6.978053,6.972413,6.976097,6.976572,6.976651,6.973043,6.969209,6.970226,6.965742,6.956785,6.948742,6.935526,6.849734,6.681167,6.647662,6.605848,6.584946,6.56546,6.564672,6.53688,6.525941,6.527738,6.521696,6.493937,6.450022,6.425265,6.480601,6.500311,6.585452,6.642377,6.673395,6.716829,6.736604,6.754246,6.766504,6.761839,6.771253,6.801357,6.825576,6.82718,6.893776,6.941051,6.953878,0,0,0,0
Action_4,OPR,3.040437,3.04902,3.056829,3.056888,3.053673,3.055592,3.059461,3.063146,3.065816,3.071004,3.078202,3.08453,3.098234,3.177199,3.513399,3.9554,4.665649,5.123989,5.437244,5.600629,5.712161,5.769542,5.783271,5.736237,5.622742,5.392733,5.121178,4.808272,4.518475,4.202717,4.02934,3.915159,3.770334,3.673855,3.577638,3.51923,3.51372,3.499825,3.465726,3.397394,3.290199,3.148696,3.084823,3.055283,0,0,0,0
Action_4,OYR,0.1560688,0.1548355,0.1451144,0.1318047,0.1159005,0.1076045,0.10204,0.09982248,0.09487291,0.1047756,0.1095468,0.1115555,0.1111776,0.1019036,0.08698642,0.01619848,9.995891,0.02827422,0.08727221,0.131164,0.1656023,0.1945274,0.2265539,0.2716267,0.3407571,0.5327271,0.6738958,0.7420432,0.7646532,0.7142655,0.6584256,0.6145834,0.5481678,0.4966579,0.4326511,0.3983573,0.3501526,0.2916266,0.247161,0.227953,0.2170531,0.1179891,0.03629327,0.01773246,0,0,0,0
Action_5,ALX,0.9150391,0.9233398,0.9150391,0.9331055,0.9165039,0.9379883,1.000488,0.5703125,0.3422852,0.3974609,0.375,0.2744141,0.175293,0.1967773,0.1855469,0.1962891,0.1616211,0.1938477,0.2329102,0.2036133,0.1630859,0.1494141,0.140625,0.1333008,0.1108398,0.08398438,0.121582,0.1171875,0.1132813,0.1074219,0.1088867,0.06787109,0.07910156,0.06884766,0.07421875,0.046875,0.07666016,0.09033203,0.1513672,0.2299805,0.4033203,0.5610352,0.7758789,1.039551,0,0,0,0
Action_5,ALY,-0.4057617,-0.4047852,-0.4042969,-0.4135742,-0.4462891,-0.5229492,-0.5927734,-0.6777344,-0.7216797,-0.6352539,-0.730957,-0.7783203,-0.746582,-0.7744141,-0.847168,-0.8354492,-0.7788086,-0.8120117,-0.8544922,-0.8637695,-0.8540039,-0.8452148,-0.815918,-0.8457031,-0.8696289,-0.8789063,-0.8857422,-0.8569336,-0.840332,-0.8261719,-0.8129883,-0.8232422,-0.894043,-0.875,-0.8574219,-0.8339844,-0.8334961,-0.7739258,-0.6987305,-0.6591797,-0.7250977,-0.7875977,-0.6484375,-0.5810547,0,0,0,0
Action_5,ALZ,0.08447266,0.08886719,0.0703125,0.1098633,0.1796875,0.2124023,0.3076172,0.5029297,0.3793945,0.4570313,0.5341797,0.5351563,0.5527344,0.5400391,0.5708008,0.5844727,0.5595703,0.5644531,0.5546875,0.543457,0.534668,0.5576172,0.5395508,0.5649414,0.5703125,0.512207,0.5371094,0.5556641,0.565918,0.5751953,0.5932617,0.5634766,0.5400391,0.5576172,0.5283203,0.5664063,0.5532227,0.5317383,0.4052734,0.4492188,0.4658203,0.4121094,0.3364258,0.1865234,0,0,0,0
Action_5,ARX,0.909668,0.9077148,0.8989258,0.9023438,0.9033203,0.9008789,0.909668,0.8881836,0.8764648,0.9399414,0.9282227,0.9291992,1.129883,1.006348,0.4570313,-0.1103516,-0.2709961,-0.3261719,-0.2680664,-0.3022461,-0.4375,-0.4941406,-0.5297852,-0.5180664,-0.4121094,-0.2670898,-0.3383789,-0.2314453,-0.1225586,0.1977539,0.4155273,0.7675781,0.8730469,0.8046875,0.8491211,0.8164063,0.6430664,0.6757813,0.7597656,0.7802734,0.9116211,0.9658203,0.9331055,0.9047852,0,0,0,0
Action_5,ARY,0.3515625,0.3618164,0.3388672,0.3461914,0.3334961,0.3662109,0.3657227,0.3764648,0.40625,0.3354492,0.4003906,0.3862305,0.4536133,0.796875,0.9360352,0.7519531,0.4604492,0.6074219,0.7495117,0.7568359,0.6958008,0.6743164,0.6518555,0.7075195,0.7475586,0.7070313,0.7412109,0.6777344,0.9282227,1.04541,0.7724609,0.7128906,0.7983398,0.6352539,0.6474609,0.6557617,0.5922852,0.5541992,0.4921875,0.5112305,0.4287109,0.3842773,0.425293,0.4575195,0,0,0,0
Action_5,ARZ,0.09765625,0.1074219,0.09863281,0.1049805,0.1098633,0.1064453,0.1005859,0.1074219,0.1201172,0.07470703,0.09228516,0.1411133,0.1513672,0.4863281,0.5625,0.3725586,0.4926758,0.5810547,0.5610352,0.5073242,0.4360352,0.4331055,0.4897461,0.5239258,0.5400391,0.5029297,0.5405273,0.4848633,0.3544922,0.3276367,0.4487305,0.3320313,0.2768555,0.2358398,0.1791992,0.2734375,0.2509766,0.2016602,0.2084961,0.1669922,0.1582031,0.06542969,0.1313477,0.1074219,0,0,0,0
Action_5,EMG0L,4,-1,-5,15,4,6,-12,-4,-11,11,-23,8,-11,-13,12,-27,21,-3,-12,21,-4,8,-49,27,20,15,10,-20,-55,5,11,25,-37,-50,-1,-29,6,0,-3,-30,12,-7,0,3,0,0,0,0
Action_5,EMG1L,3,-1,-4,6,-10,5,10,-1,3,20,-12,3,-1,-4,5,-24,-10,1,3,-7,15,10,-1,1,2,6,-2,-3,6,-1,-21,-3,-1,-33,1,-7,-1,-3,-1,-11,4,1,-4,-3,0,0,0,0
Action_5,EMG2L,2,11,-3,4,-7,-46,-31,-32,5,-12,-87,14,54,-44,-17,-32,4,42,40,-14,25,-19,24,-8,-22,3,-36,46,21,101,-23,-10,11,-65,17,15,-11,19,-2,-13,-29,2,-4,-5,0,0,0,0
Action_5,EMG3L,0,1,-5,-4,-5,-10,13,-2,-1,-19,-8,11,-5,-1,-1,0,-2,0,3,-9,7,-3,-6,-6,3,-10,2,-1,-5,9,-17,-2,4,-7,7,3,4,-3,-2,4,1,7,0,-2,0,0,0,0
Action_5,EMG4L,-2,-1,-7,-3,-18,9,18,-19,-7,-1,-18,5,-3,6,9,5,1,-9,0,0,-3,1,1,0,5,-7,10,-10,-14,4,-5,11,7,-3,13,6,4,-2,-2,6,1,7,-4,-2,0,0,0,0
Action_5,EMG5L,-2,-1,-12,-4,-12,-62,29,-24,-22,7,-14,13,-5,8,18,6,-4,-15,10,11,-6,2,13,12,-2,-3,2,4,-14,20,-2,16,8,1,12,9,6,-3,-2,6,2,10,-6,1,0,0,0,0
Action_5,EMG6L,-19,-19,-68,6,6,14,-5,-102,2,-42,-15,-2,44,-17,48,31,-5,-29,22,16,9,-1,-13,27,17,-10,19,23,15,66,-22,-11,15,-1,14,25,3,7,1,17,29,-7,-43,8,0,0,0,0
Action_5,EMG7L,-13,5,-8,1,-4,5,-6,-26,-17,-14,-30,-1,17,19,26,-46,22,23,12,13,1,9,40,22,29,16,8,-24,26,-20,18,32,10,-25,23,-8,21,-4,-1,-4,35,8,-2,1,0,0,0,0
Action_5,EMG0R,-4,39,-16,-4,9,5,-27,-11,14,-16,5,-3,17,-25,21,-32,-22,0,-5,-23,-17,-5,2,-13,13,-4,5,1,-44,-9,-2,16,-5,0,-18,-2,-2,-7,-26,5,-4,2,-3,13,0,0,0,0
Action_5,EMG1R,1,-5,-2,-2,2,0,-4,-9,0,5,-2,7,25,-25,27,-42,-16,-25,15,1,-6,5,-7,-18,-11,3,-2,0,27,-5,3,8,4,-8,3,-4,-3,-2,-1,1,-4,0,-1,0,0,0,0,0
Action_5,EMG2R,1,-3,-3,-1,-1,0,-3,-3,-1,5,-6,11,47,24,4,-5,-12,-11,2,-7,7,-3,-14,-14,-11,0,8,1,1,-5,-1,4,-2,0,2,1,1,-6,-1,0,-3,-2,-1,-1,0,0,0,0
Action_5,EMG3R,2,-1,-3,1,0,-2,-2,1,-2,0,-3,0,12,11,2,-12,12,-8,-13,2,11,-13,-25,-8,-12,-45,12,7,28,22,4,9,-14,3,1,-17,3,-18,1,0,0,-1,1,-2,0,0,0,0
Action_5,EMG4R,24,-2,3,-1,7,1,-7,6,2,6,-6,-7,5,-12,1,-8,28,5,31,2,-38,11,-14,-7,3,-47,1,-28,-16,2,30,1,-11,4,-8,1,10,12,-5,-1,7,-7,-8,-11,0,0,0,0
Action_5,EMG5R,7,-4,26,-7,5,10,-8,-9,5,-3,-4,26,-24,22,-7,-2,37,25,-49,39,-90,-13,-7,3,-28,9,-28,-31,-31,17,14,-25,-25,2,11,33,-3,13,-9,-3,16,-8,-16,16,0,0,0,0
Action_5,EMG6R,1,0,-1,7,1,7,7,4,-4,5,1,10,18,-4,16,-20,-6,-9,3,59,12,-6,-21,-10,25,17,50,-55,-34,21,8,25,21,-33,-10,6,-11,6,-13,8,-1,-5,-20,4,0,0,0,0
Action_5,EMG7R,-1,1,-7,-2,6,-3,-2,-19,14,4,2,0,2,-8,6,-54,-29,-7,34,0,-12,-8,-1,-4,-31,0,23,9,-23,-10,-7,-45,22,-21,1,9,-18,10,-27,-18,3,-7,-12,1,0,0,0,0
Action_5,GLX,2.9375,2.6875,-5.9375,7.4375,7.375,30.6875,1.9375,28.3125,14.875,-4.875,3.875,-11.125,-13,-10.5,-3.625,-10.125,-8.3125,-3.25,2.8125,1.375,-0.75,-0.375,-1.3125,-1.25,4.5,4.125,-1.5625,-7.5,-6.875,-2.125,-0.125,4.4375,2.625,-0.375,-1.9375,-2.9375,1.5625,2.375,-14.8125,-23.5625,-14.75,-22.9375,32,27.125,0,0,0,0
Action_5,GLY,2.9375,2.6875,-5.9375,7.4375,7.375,30.6875,1.9375,28.3125,14.875,-4.875,3.875,-11.125,-13,-10.5,-3.625,-10.125,-8.3125,-3.25,2.8125,1.375,-0.75,-0.375,-1.3125,-1.25,4.5,4.125,-1.5625,-7.5,-6.875,-2.125,-0.125,4.4375,2.625,-0.375,-1.9375,-2.9375,1.5625,2.375,-14.8125,-23.5625,-14.75,-22.9375,32,27.125,0,0,0,0
Action_5,GLZ,2.9375,2.6875,-5.9375,7.4375,7.375,30.6875,1.9375,28.3125,14.875,-4.875,3.875,-11.125,-13,-10.5,-3.625,-10.125,-8.3125,-3.25,2.8125,1.375,-0.75,-0.375,-1.3125,-1.25,4.5,4.125,-1.5625,-7.5,-6.875,-2.125,-0.125,4.4375,2.625,-0.375,-1.9375,-2.9375,1.5625,2.375,-14.8125,-23.5625,-14.75,-22.9375,32,27.125,0,0,0,0
Action_5,GRX,0.1875,1.6875,1.5625,-0.5,-0.625,-2.375,-4.375,-0.0625,-16.6875,-13.75,-15.6875,-19.0625,-78.9375,-35.5625,-51.4375,-36.5625,-23.75,16.1875,-3.5625,-10.1875,-3.5625,-1.1875,8,-7.875,-19.8125,-34.1875,-25.9375,12.625,42,69.6875,44,-2.625,0.125,-12,-11.0625,-11.75,-19.0625,-23.125,-2,-13.0625,-36.6875,-4.25,-11.6875,-26.8125,0,0,0,0
Action_5,GRY,0.1875,1.6875,1.5625,-0.5,-0.625,-2.375,-4.375,-0.0625,-16.6875,-13.75,-15.6875,-19.0625,-78.9375,-35.5625,-51.4375,-36.5625,-23.75,16.1875,-3.5625,-10.1875,-3.5625,-1.1875,8,-7.875,-19.8125,-34.1875,-25.9375,12.625,42,69.6875,44,-2.625,0.125,-12,-11.0625,-11.75,-19.0625,-23.125,-2,-13.0625,-36.6875,-4.25,-11.6875,-26.8125,0,0,0,0
Action_5,GRZ,0.1875,1.6875,1.5625,-0.5,-0.625,-2.375,-4.375,-0.0625,-16.6875,-13.75,-15.6875,-19.0625,-78.9375,-35.5625,-51.4375,-36.5625,-23.75,16.1875,-3.5625,-10.1875,-3.5625,-1.1875,8,-7.875,-19.8125,-34.1875,-25.9375,12.625,42,69.6875,44,-2.625,0.125,-12,-11.0625,-11.75,-19.0625,-23.125,-2,-13.0625,-36.6875,-4.25,-11.6875,-26.8125,0,0,0,0
Action_5,ORL,2.830805,2.842431,2.859905,2.91334,3.017814,3.122275,3.24409,3.39787,3.465282,3.501411,3.510411,3.506837,3.495932,3.474868,3.452121,3.435959,3.429545,3.426464,3.429919,3.431528,3.431906,3.427684,3.426712,3.419039,3.425279,3.428308,3.420641,3.407394,3.397476,3.394865,3.399377,3.412982,3.426719,3.426567,3.42439,3.414213,3.414943,3.420574,3.408109,3.363099,3.312205,3.23775,3.170647,3.033103,0,0,0,0
Action_5,OPL,3.149055,3.160477,3.178972,3.209535,3.284554,3.385956,3.547792,3.890198,4.164137,4.374872,4.502763,4.599452,4.653065,4.657436,4.655879,4.666668,4.685671,4.701991,4.714179,4.720141,4.727202,4.737673,4.743898,4.73843,4.747522,4.77095,4.808248,4.85114,4.871091,4.882788,4.885201,4.885733,4.882062,4.886016,4.88729,4.893617,4.887677,4.869193,4.791469,4.529244,4.227338,3.909058,3.599517,3.332562,0,0,0,0
Action_5,OYL,3.417714,3.411838,3.388211,3.334202,3.238698,3.150779,3.035703,2.87322,2.800112,2.750114,2.713796,2.696417,2.695966,2.709488,2.744601,2.753597,2.7407,2.719453,2.698067,2.692774,2.694484,2.70278,2.709152,2.699791,2.702841,2.71063,2.725815,2.744795,2.754762,2.758448,2.746397,2.729805,2.706475,2.697781,2.696752,2.697844,2.702499,2.70441,2.707124,2.71889,2.744708,2.818967,2.956248,3.169204,0,0,0,0
Action_5,ORR,7.024998,7.025767,7.029793,7.039119,7.040711,7.038206,7.032093,7.024197,7.013442,7.010427,7.013781,6.964053,6.820925,6.696763,6.63436,6.559122,6.501179,6.556093,6.572558,6.560989,6.560088,6.576618,6.581649,6.567167,6.544998,6.516713,6.489252,6.49439,6.572628,6.696103,6.763416,6.842654,6.913153,6.974853,7.014092,6.989683,6.945628,6.918752,6.92663,6.960126,6.991217,7.032422,7.058448,7.06513,0,0,0,0
Action_5,OPR,3.101395,3.102949,3.104058,3.106982,3.111144,3.113164,3.115278,3.121268,3.132097,3.146928,3.167315,3.206468,3.340227,3.612426,4.187356,4.688957,5.132165,5.52363,5.700179,5.832793,5.922862,5.930734,5.90169,5.859194,5.810337,5.655822,5.376006,5.102473,4.796595,4.385788,4.117859,3.892227,3.722661,3.595986,3.538635,3.539685,3.583893,3.590544,3.522334,3.417707,3.292868,3.167934,3.072506,3.048367,0,0,0,0
Action_5,OYR,0.07740589,0.0768138,0.07443535,0.06634841,0.06089114,0.06267659,0.06243042,0.06414408,0.05883744,0.01210738,9.991547,0.004138193,0.036293,0.06372593,0.01881182,0.02675999,0.1244171,0.280219,0.3157926,0.3215427,0.3543469,0.3856913,0.3932401,0.3884381,0.3991378,0.5002441,0.6763769,0.7761616,0.8329879,0.8223142,0.7616373,0.672672,0.6097245,0.5347393,0.4830395,0.4776173,0.4861555,0.4753071,0.4317909,0.3743176,0.2926149,0.212867,0.14796,0.11124,0,0,0,0
Action_6,ALX,0.3510742,0.3251953,0.2407227,0.2490234,0.2641602,0.1782227,0.1928711,0.2045898,0.2099609,0.2172852,0.2148438,0.2167969,0.1982422,0.1914063,0.1806641,0.1855469,0.1640625,0.1972656,0.1601563,0.1552734,0.1738281,0.171875,0.1616211,0.1044922,0.1831055,0.1831055,0.1416016,0.1289063,0.09228516,0.1464844,0.1728516,0.1333008,0.1108398,0.137207,0.1166992,0.1010742,0.09472656,0.1040039,0.1103516,0.1015625,0.09863281,0.1967773,0.2631836,0.3950195,0,0,0,0
Action_6,ALY,-0.7255859,-0.7480469,-0.7866211,-0.7626953,-0.7880859,-0.7841797,-0.8041992,-0.7998047,-0.796875,-0.8149414,-0.8168945,-0.7988281,-0.7973633,-0.8188477,-0.824707,-0.8217773,-0.8115234,-0.8076172,-0.8271484,-0.8134766,-0.8276367,-0.8286133,-0.8325195,-0.8520508,-0.8461914,-0.800293,-0.8291016,-0.8496094,-0.8549805,-0.8349609,-0.8310547,-0.8466797,-0.84375,-0.8422852,-0.8452148,-0.84375,-0.8251953,-0.8461914,-0.8261719,-0.8071289,-0.7485352,-0.7226563,-0.7285156,-0.7202148,0,0,0,0
Action_6,ALZ,0.543457,0.6044922,0.5654297,0.581543,0.6108398,0.5664063,0.5776367,0.6083984,0.6132813,0.5927734,0.5864258,0.5839844,0.6030273,0.6054688,0.5864258,0.5859375,0.5869141,0.5869141,0.5703125,0.5898438,0.5849609,0.5620117,0.5664063,0.5649414,0.5561523,0.5585938,0.5678711,0.5634766,0.559082,0.5834961,0.550293,0.5537109,0.5410156,0.5532227,0.5717773,0.5571289,0.5556641,0.5556641,0.5380859,0.5532227,0.5439453,0.4882813,0.4873047,0.5,0,0,0,0
Action_6,ARX,0.9257813,0.9067383,0.8598633,0.8886719,0.921875,0.949707,0.9521484,0.9267578,0.8208008,0.7246094,0.6074219,0.2172852,-0.04003906,-0.1884766,-0.3227539,-0.2866211,-0.4101563,-0.5063477,-0.574707,-0.574707,-0.581543,-0.5673828,-0.5336914,-0.4052734,-0.3857422,-0.328125,-0.2768555,-0.2651367,-0.09570313,0.07275391,0.3666992,0.3100586,0.3227539,0.3999023,0.4296875,0.3793945,0.4135742,0.4814453,0.3818359,0.3544922,0.2602539,0.4936523,0.7050781,0.8657227,0,0,0,0
Action_6,ARY,0.3413086,0.3735352,0.3676758,0.3481445,0.3510742,0.409668,0.4648438,0.4931641,0.5986328,0.6884766,0.8208008,0.9448242,0.9150391,0.8598633,0.6967773,0.6772461,0.7255859,0.7070313,0.7226563,0.7617188,0.7524414,0.7670898,0.753418,0.7451172,0.7539063,0.8554688,0.890625,0.7861328,0.9013672,1.001953,0.9399414,0.8398438,0.8139648,0.8598633,0.8422852,0.7617188,0.7524414,0.8344727,0.7861328,0.7026367,0.7016602,0.7055664,0.6831055,0.5849609,0,0,0,0
Action_6,ARZ,0.08105469,0.09423828,0.1186523,0.09228516,0.08300781,0.05859375,0.1142578,0.2114258,0.2729492,0.315918,0.4311523,0.4375,0.4467773,0.4658203,0.4516602,0.40625,0.3984375,0.3579102,0.2871094,0.2866211,0.2895508,0.3291016,0.3613281,0.4208984,0.434082,0.4863281,0.4536133,0.4492188,0.4921875,0.4790039,0.5424805,0.4863281,0.4414063,0.4726563,0.4462891,0.4121094,0.4111328,0.4570313,0.4277344,0.3925781,0.2495117,0.3735352,0.3549805,0.2148438,0,0,0,0
Action_6,EMG0L,18,3,-16,-41,-35,38,-11,-42,-2,3,-33,2,49,-6,19,-19,-8,-11,-19,38,12,1,-24,13,27,30,-1,30,5,2,14,10,2,14,-7,-1,1,-17,-5,9,11,3,-1,10,0,0,0,0
Action_6,EMG1L,-6,-18,-24,-11,-20,10,-20,-22,10,6,-16,-6,16,5,-4,10,-12,-17,-19,5,1,-15,-11,22,9,11,-5,0,-2,-15,8,-5,-6,-4,-7,-13,31,-20,-13,2,13,7,-12,7,0,0,0,0
Action_6,EMG2L,-48,-56,-45,-71,27,49,62,-69,-42,-9,-21,-38,-45,-4,-12,30,-56,-15,-50,-45,-12,82,41,-35,10,10,-10,89,5,43,44,17,-12,-10,-24,-84,73,-45,-53,63,77,8,-22,3,0,0,0,0
Action_6,EMG3L,-5,-8,-3,-2,-5,1,0,-12,1,0,-2,1,11,-23,5,-7,-4,-8,-3,7,-8,-6,-8,4,8,4,-8,-9,-8,-8,2,-5,3,2,-1,3,14,-6,-9,-4,-6,1,-1,-2,0,0,0,0
Action_6,EMG4L,-4,0,9,-8,-4,-12,-4,-5,4,13,10,-2,-8,-7,3,-13,0,3,-6,1,-1,-9,-6,4,6,17,-5,-11,-5,-5,-3,-1,6,-10,1,3,2,-24,-12,1,-5,0,-5,3,0,0,0,0
Action_6,EMG5L,1,8,12,18,-9,-12,0,-3,3,13,10,23,-31,-16,-13,-24,12,-2,-5,-8,-6,-22,1,3,0,15,-2,-5,-3,-10,-18,-2,15,-13,-8,-8,-22,-60,-25,7,-3,-3,2,4,0,0,0,0
Action_6,EMG6L,-1,16,61,39,-58,15,-18,9,-41,16,2,47,-24,-36,-30,-128,43,-52,-22,1,-2,-87,-11,-94,34,-11,-4,8,0,-60,-63,-34,126,-18,-8,12,-35,-104,-99,30,20,-17,-21,-21,0,0,0,0
Action_6,EMG7L,8,0,-8,-7,7,-41,-3,-50,-13,10,-8,-3,-39,1,-6,-30,26,-36,-9,12,-1,1,-28,16,-9,38,-5,41,-11,-54,-12,-15,-6,-23,-42,-7,18,-48,-19,1,4,-16,-2,3,0,0,0,0
Action_6,EMG0R,5,-5,-7,4,0,10,1,3,-7,10,-9,25,1,3,-13,8,-16,12,8,-17,2,19,21,-2,17,-23,38,-28,1,-24,-6,3,-11,14,15,-18,-5,-10,8,1,4,-9,8,11,0,0,0,0
Action_6,EMG1R,-2,2,-4,1,-2,-7,3,-1,9,-2,3,-9,13,5,-6,-18,23,-18,-1,2,-7,-4,4,-1,3,-1,12,-5,2,-2,8,6,-4,-24,2,-3,-1,-6,5,1,1,-7,0,-2,0,0,0,0
Action_6,EMG2R,-1,1,-3,1,-4,-6,2,6,-3,3,1,-14,7,6,-8,-22,16,-17,17,3,0,-4,2,-3,7,-7,24,13,18,-14,7,6,-12,-14,-7,12,-11,1,4,1,-1,-1,1,1,0,0,0,0
Action_6,EMG3R,1,2,4,5,-12,-3,17,0,12,-10,-26,-12,1,0,-3,-9,8,-2,45,-2,25,-9,22,20,-10,-29,53,27,47,-32,21,0,-27,-20,-46,45,-4,-2,18,3,-11,3,1,-1,0,0,0,0
Action_6,EMG4R,2,9,11,5,-8,2,26,-17,-1,-17,5,-11,-2,8,-18,-13,0,-9,7,18,12,-12,22,-27,-2,-14,23,6,13,-23,8,-13,-26,9,-40,104,3,-2,5,-3,-5,3,6,-2,0,0,0,0
Action_6,EMG5R,13,6,9,-1,-4,-11,-7,1,0,-13,3,5,10,-8,-10,5,10,-23,9,7,27,16,7,28,50,35,60,-4,-25,26,0,-24,-2,1,11,40,12,0,10,24,3,3,5,-3,0,0,0,0
Action_6,EMG6R,7,1,4,-7,-2,-21,-2,-5,-25,5,14,-6,-4,-5,-14,-29,12,2,-4,34,11,12,2,12,3,-6,25,2,-28,2,-5,3,16,-27,9,-1,38,-20,8,5,12,-11,3,-7,0,0,0,0
Action_6,EMG7R,1,2,-5,1,5,-9,0,-3,-1,-7,-3,7,11,-14,-21,-5,13,5,1,9,-24,6,19,8,13,-3,30,-11,-8,-20,9,-32,-30,-37,19,-4,7,0,9,-5,19,5,-3,0,0,0,0,0
Action_6,GLX,-2.4375,6.625,2.1875,-0.25,7.4375,7.4375,-1.375,-4.0625,1.0625,1.9375,-1.125,-5.8125,-2.6875,-2,-0.1875,-5.125,-2.75,0.375,-0.375,-2.3125,-0.0625,-2.1875,-1.8125,-4.9375,-7.3125,-3.8125,0.1875,0.0625,-3,-2.6875,-3.3125,-0.1875,-0.875,-2.4375,0.6875,0.875,-0.6875,1.1875,-0.3125,-0.625,-1.5625,-1.75,-2.75,-12.25,0,0,0,0
Action_6,GLY,-2.4375,6.625,2.1875,-0.25,7.4375,7.4375,-1.375,-4.0625,1.0625,1.9375,-1.125,-5.8125,-2.6875,-2,-0.1875,-5.125,-2.75,0.375,-0.375,-2.3125,-0.0625,-2.1875,-1.8125,-4.9375,-7.3125,-3.8125,0.1875,0.0625,-3,-2.6875,-3.3125,-0.1875,-0.875,-2.4375,0.6875,0.875,-0.6875,1.1875,-0.3125,-0.625,-1.5625,-1.75,-2.75,-12.25,0,0,0,0
Action_6,GLZ,-2.4375,6.625,2.1875,-0.25,7.4375,7.4375,-1.375,-4.0625,1.0625,1.9375,-1.125,-5.8125,-2.6875,-2,-0.1875,-5.125,-2.75,0.375,-0.375,-2.3125,-0.0625,-2.1875,-1.8125,-4.9375,-7.3125,-3.8125,0.1875,0.0625,-3,-2.6875,-3.3125,-0.1875,-0.875,-2.4375,0.6875,0.875,-0.6875,1.1875,-0.3125,-0.625,-1.5625,-1.75,-2.75,-12.25,0,0,0,0
Action_6,GRX,-4.3125,-11,-4.4375,10.3125,-5.25,-10.75,-61.6875,-58,-39.3125,-22.0625,-32.75,-23.9375,-13.9375,-6.6875,19.3125,7,14.625,-3.6875,-14.3125,0.875,0.1875,0.25,-9.3125,-37.0625,-53.25,-71.375,-56.0625,-2.3125,7.5625,24.875,5.0625,-2.5,7.4375,1.125,2.1875,8.625,6.875,-3.6875,-5.875,12.625,23.125,20.625,-38.8125,-30.0625,0,0,0,0
Action_6,GRY,-4.3125,-11,-4.4375,10.3125,-5.25,-10.75,-61.6875,-58,-39.3125,-22.0625,-32.75,-23.9375,-13.9375,-6.6875,19.3125,7,14.625,-3.6875,-14.3125,0.875,0.1875,0.25,-9.3125,-37.0625,-53.25,-71.375,-56.0625,-2.3125,7.5625,24.875,5.0625,-2.5,7.4375,1.125,2.1875,8.625,6.875,-3.6875,-5.875,12.625,23.125,20.625,-38.8125,-30.0625,0,0,0,0
Action_6,GRZ,-4.3125,-11,-4.4375,10.3125,-5.25,-10.75,-61.6875,-58,-39.3125,-22.0625,-32.75,-23.9375,-13.9375,-6.6875,19.3125,7,14.625,-3.6875,-14.3125,0.875,0.1875,0.25,-9.3125,-37.0625,-53.25,-71.375,-56.0625,-2.3125,7.5625,24.875,5.0625,-2.5,7.4375,1.125,2.1875,8.625,6.875,-3.6875,-5.875,12.625,23.125,20.625,-38.8125,-30.0625,0,0,0,0
Action_6,ORL,3.501771,3.508636,3.516161,3.524777,3.527559,3.528132,3.522115,3.513985,3.516522,3.516032,3.514508,3.502112,3.496068,3.495706,3.494457,3.487894,3.485559,3.481976,3.479711,3.478225,3.476236,3.474089,3.468112,3.455684,3.441468,3.430742,3.430601,3.432966,3.429137,3.426372,3.424214,3.426646,3.427411,3.421782,3.42268,3.422351,3.424284,3.4238,3.422644,3.423409,3.424132,3.417744,3.412237,3.38346,0,0,0,0
Action_6,OPL,4.46403,4.515351,4.571058,4.598717,4.623979,4.663885,4.677143,4.672754,4.665631,4.667614,4.681089,4.690385,4.684599,4.683891,4.688491,4.693742,4.703214,4.717884,4.722625,4.721906,4.719081,4.721207,4.731828,4.757894,4.780891,4.792878,4.789279,4.78378,4.789043,4.797967,4.802725,4.801946,4.803106,4.811329,4.813297,4.814442,4.815502,4.820958,4.822868,4.819746,4.802872,4.689205,4.523596,4.29808,0,0,0,0
Action_6,OYL,2.608007,2.6069,2.614836,2.623609,2.629729,2.637395,2.646018,2.653538,2.655685,2.660861,2.674222,2.686138,2.689242,2.691562,2.689956,2.686378,2.680337,2.681515,2.686437,2.686499,2.680537,2.679054,2.682224,2.696152,2.709664,2.71688,2.720721,2.722304,2.71962,2.714047,2.704383,2.690642,2.689144,2.695692,2.699655,2.700484,2.700126,2.702331,2.708432,2.708822,2.705196,2.708561,2.736443,2.793178,0,0,0,0
Action_6,ORR,7.074195,7.055606,7.039851,7.074041,7.106326,7.095411,7.018146,6.913159,6.855507,6.824147,6.786129,6.742219,6.714241,6.705445,6.739441,6.791122,6.832564,6.845197,6.842551,6.849381,6.86783,6.873567,6.862061,6.811219,6.756288,6.681197,6.599709,6.556713,6.580815,6.624001,6.644072,6.655053,6.671532,6.683527,6.69279,6.704697,6.713301,6.715515,6.709348,6.723979,6.775752,6.838885,6.849014,6.853129,0,0,0,0
Action_6,OPR,3.084676,3.104653,3.124514,3.1258,3.119173,3.135922,3.204951,3.339677,3.588411,3.810851,4.074232,4.504613,4.86523,5.210145,5.597699,5.772568,5.869151,5.933782,5.984696,6.008444,5.999907,5.975008,5.943331,5.855429,5.730722,5.572277,5.400757,5.119634,4.889267,4.691227,4.508387,4.442685,4.384887,4.323055,4.302102,4.297469,4.275878,4.251122,4.259901,4.256618,4.199385,4.054364,3.793528,3.599728,0,0,0,0
Action_6,OYR,0.08425774,0.08292226,0.08322381,0.06229409,0.02809069,0.02263812,0.02997144,0.02068676,9.995328,9.965345,9.943679,9.92897,9.944352,9.983438,0.07944348,0.1509467,0.2217396,0.2865396,0.3006573,0.3086627,0.3308348,0.3402842,0.341998,0.3731221,0.4420258,0.525848,0.6077837,0.6999024,0.7334684,0.7297196,0.6888241,0.6679198,0.6610639,0.6463004,0.6322311,0.6242484,0.6221914,0.6237859,0.6163731,0.6014388,0.572529,0.5361217,0.4753532,0.3904773,0,0,0,0
Action_7,ALX,0.5170898,0.4326172,0.355957,0.2329102,0.2407227,0.2260742,0.2299805,0.1982422,0.1870117,0.2109375,0.1933594,0.159668,0.2172852,0.2143555,0.2133789,0.2080078,0.2021484,0.1845703,0.1503906,0.1606445,0.1850586,0.1816406,0.1791992,0.1787109,0.1591797,0.1904297,0.1367188,0.1347656,0.1650391,0.1542969,0.1455078,0.1240234,0.1518555,0.137207,0.144043,0.1674805,0.1503906,0.1123047,0.1235352,0.1015625,0.1787109,0.4462891,0.4106445,0.765625,0,0,0,0
Action_7,ALY,-0.7285156,-0.7753906,-0.7749023,-0.7773438,-0.7719727,-0.8222656,-0.8183594,-0.796875,-0.7949219,-0.8476563,-0.8554688,-0.8413086,-0.8017578,-0.8056641,-0.824707,-0.8457031,-0.8325195,-0.8198242,-0.7944336,-0.8579102,-0.8535156,-0.847168,-0.8251953,-0.8081055,-0.8378906,-0.8491211,-0.8217773,-0.8413086,-0.8168945,-0.8300781,-0.8486328,-0.8164063,-0.8271484,-0.8427734,-0.8203125,-0.8339844,-0.8461914,-0.8339844,-0.8046875,-0.7119141,-0.6806641,-0.8666992,-0.7558594,-0.6665039,0,0,0,0
Action_7,ALZ,0.4887695,0.5395508,0.5488281,0.5385742,0.5419922,0.5708008,0.5444336,0.5449219,0.5493164,0.5732422,0.5576172,0.5605469,0.5639648,0.5595703,0.5727539,0.5512695,0.5571289,0.5361328,0.5776367,0.5761719,0.5537109,0.5649414,0.5683594,0.5898438,0.5595703,0.5791016,0.5693359,0.5629883,0.5981445,0.5615234,0.5634766,0.5634766,0.5639648,0.5727539,0.5751953,0.5869141,0.5571289,0.5722656,0.5546875,0.4614258,0.4174805,0.5117188,0.3505859,0.5268555,0,0,0,0
Action_7,ARX,0.9677734,0.8505859,0.824707,0.8237305,0.8007813,0.7739258,0.7255859,0.7353516,0.8808594,0.8320313,0.3208008,-0.05957031,-0.347168,-0.3193359,-0.2944336,-0.3085938,-0.4682617,-0.5395508,-0.5605469,-0.5078125,-0.512207,-0.4746094,-0.359375,-0.3564453,-0.2680664,-0.1699219,-0.05712891,0.02636719,0.1660156,0.2851563,0.355957,0.4838867,0.4023438,0.3925781,0.5073242,0.5263672,0.4960938,0.434082,0.4228516,0.3491211,0.5141602,0.7685547,0.8476563,0.8706055,0,0,0,0
Action_7,ARY,0.3847656,0.4482422,0.4946289,0.4829102,0.5146484,0.5654297,0.5712891,0.6000977,0.7231445,0.8774414,0.9794922,0.9033203,0.6391602,0.6953125,0.6850586,0.7514648,0.6801758,0.706543,0.7260742,0.7524414,0.7871094,0.7773438,0.6801758,0.6958008,0.8774414,0.840332,0.9648438,0.8945313,0.8618164,0.7841797,0.8295898,0.8974609,0.8378906,0.7348633,0.7802734,0.8183594,0.7861328,0.7822266,0.7001953,0.6396484,0.6972656,0.7988281,0.5546875,0.5424805,0,0,0,0
Action_7,ARZ,0.04394531,0.1884766,0.1982422,0.2021484,0.2265625,0.2460938,0.2900391,0.2905273,0.3208008,0.4365234,0.4873047,0.4482422,0.418457,0.4868164,0.5,0.4365234,0.4018555,0.3476563,0.378418,0.3886719,0.3793945,0.4609375,0.4892578,0.4824219,0.4760742,0.5483398,0.5356445,0.4511719,0.5146484,0.4760742,0.4482422,0.4858398,0.4375,0.3955078,0.449707,0.4472656,0.3999023,0.4082031,0.4243164,0.2612305,0.3305664,0.3139648,0.2768555,0.1977539,0,0,0,0
Action_7,EMG0L,27,-3,-11,12,-6,-34,-11,17,-87,46,-10,-11,20,-16,34,-13,-19,24,40,32,1,21,21,4,-14,-5,4,8,2,19,-34,20,-8,-6,19,23,26,-15,-26,-23,-10,-5,3,-18,0,0,0,0
Action_7,EMG1L,2,-6,11,-1,-14,-16,5,-15,11,15,-1,-7,17,-15,-10,-8,-15,7,-1,0,29,3,-3,9,-9,24,9,11,9,1,-20,0,8,-8,-9,21,-7,-2,-1,-1,1,-5,0,-7,0,0,0,0
Action_7,EMG2L,-22,2,-5,-2,-33,-7,-5,-20,5,-6,-5,2,26,-6,26,-18,-48,-4,58,-13,12,-44,34,55,13,48,-2,46,-37,-46,-21,1,-15,34,7,4,-99,22,-4,-15,3,-11,-8,-2,0,0,0,0
Action_7,EMG3L,-4,8,6,-2,9,-15,11,-8,-17,7,0,18,6,12,5,-1,-7,-9,-13,-6,-11,-4,-4,11,6,2,1,-6,1,3,3,0,8,-7,-1,5,-5,9,1,-4,-6,-1,-35,6,0,0,0,0
Action_7,EMG4L,-1,2,-1,-2,11,-6,-5,-12,-10,1,-5,4,-2,-19,7,10,1,-8,-3,-10,-5,-1,-21,0,4,8,10,-11,-11,9,-7,6,6,0,-11,2,-9,0,10,-1,5,-1,-84,24,0,0,0,0
Action_7,EMG5L,8,3,9,4,-13,-7,-9,12,-4,3,-42,14,1,-3,-1,29,-2,10,-8,4,4,-3,-36,-4,-6,0,9,-33,-29,9,-14,8,0,17,-26,-1,-7,-11,19,-9,-2,-6,-21,17,0,0,0,0
Action_7,EMG6L,3,12,18,46,8,-39,-28,-19,11,-26,-99,1,20,21,-13,-24,-56,19,-34,-53,29,10,0,0,9,3,-13,-58,-59,5,-2,25,21,20,-88,14,-68,-7,49,-57,-69,14,17,-1,0,0,0,0
Action_7,EMG7L,19,-5,1,-2,7,-35,-8,-59,22,30,-9,-28,9,-21,8,18,6,-12,22,14,-33,9,-51,3,15,29,-7,-27,-13,15,-4,18,12,-17,-8,-29,-9,0,-10,-12,-16,-5,-3,-23,0,0,0,0
Action_7,EMG0R,-19,16,-42,3,-27,31,-3,-8,-25,-31,13,13,-28,2,-29,-16,-13,-11,-30,-1,8,-18,16,11,-81,11,26,3,-5,21,2,7,22,0,1,-45,54,-1,-49,-18,23,-14,-23,-17,0,0,0,0
Action_7,EMG1R,-2,9,-11,2,4,4,1,-1,-8,-5,0,6,-17,-7,-23,4,-3,0,5,9,-5,4,5,19,-20,-2,-11,-16,-2,-1,-3,9,-4,12,-13,-12,4,1,-4,1,11,-3,-5,5,0,0,0,0
Action_7,EMG2R,1,6,-6,-2,0,0,1,-2,-7,-6,-4,3,-3,-9,-14,3,-7,2,2,11,1,8,-13,3,-25,-16,-13,-4,11,-3,3,12,7,9,-15,-5,-10,4,-4,1,-1,-2,-3,6,0,0,0,0
Action_7,EMG3R,5,7,-8,2,-2,8,-4,-4,-14,0,-15,-2,15,-9,3,-6,-7,5,-14,-20,9,-6,-42,-43,-15,-19,-21,20,37,-16,37,9,8,-15,-43,-6,-44,14,-4,-2,-12,2,-7,4,0,0,0,0
Action_7,EMG4R,-4,8,-17,4,-8,14,-13,-3,-18,15,5,-57,-7,18,-6,-1,2,-16,17,-18,6,-4,-25,-23,-23,-21,3,-3,2,1,36,1,-1,28,-9,-12,-22,0,9,-3,3,7,-6,8,0,0,0,0
Action_7,EMG5R,-13,-27,-4,9,-19,30,5,24,22,2,24,-18,23,5,1,-9,0,-46,20,-32,13,-30,-12,11,0,-17,15,20,0,1,-1,28,-13,-8,-18,4,-13,9,9,5,-9,5,-7,9,0,0,0,0
Action_7,EMG6R,-3,2,-25,-1,4,16,18,14,-16,-8,4,17,-11,-9,14,59,6,-61,-3,0,11,17,1,-11,-32,-7,5,2,-37,14,-16,15,-5,-12,25,-16,-17,-1,5,14,-32,-3,-8,9,0,0,0,0
Action_7,EMG7R,-8,19,-22,12,-11,15,11,1,-1,6,-17,-2,-30,-11,-12,25,-11,-42,-30,10,13,5,14,28,-75,-3,7,4,-38,-2,2,39,-3,-6,-6,1,-11,5,11,-1,-1,-2,-10,14,0,0,0,0
Action_7,GLX,11.6875,10.5625,-0.8125,-6.625,4.125,5.3125,-6,-9.1875,1.625,-1.75,-4.3125,-6.5625,-3.0625,-3.125,2,4.8125,5.8125,4.25,-4.125,2,0.875,-2.5625,-2.125,1.375,6,-2.75,3.625,7.75,-3.625,-1.8125,-3.4375,-3.375,0.5625,0.5625,-2.625,2.1875,3,-1,-4.375,-14.4375,-25.75,-1.9375,-35.5,11.625,0,0,0,0
Action_7,GLY,11.6875,10.5625,-0.8125,-6.625,4.125,5.3125,-6,-9.1875,1.625,-1.75,-4.3125,-6.5625,-3.0625,-3.125,2,4.8125,5.8125,4.25,-4.125,2,0.875,-2.5625,-2.125,1.375,6,-2.75,3.625,7.75,-3.625,-1.8125,-3.4375,-3.375,0.5625,0.5625,-2.625,2.1875,3,-1,-4.375,-14.4375,-25.75,-1.9375,-35.5,11.625,0,0,0,0
Action_7,GLZ,11.6875,10.5625,-0.8125,-6.625,4.125,5.3125,-6,-9.1875,1.625,-1.75,-4.3125,-6.5625,-3.0625,-3.125,2,4.8125,5.8125,4.25,-4.125,2,0.875,-2.5625,-2.125,1.375,6,-2.75,3.625,7.75,-3.625,-1.8125,-3.4375,-3.375,0.5625,0.5625,-2.625,2.1875,3,-1,-4.375,-14.4375,-25.75,-1.9375,-35.5,11.625,0,0,0,0
Action_7,GRX,-28.875,-13.3125,-29.125,-17.25,-6.6875,-3.5625,1.5,-11.125,-28.3125,-12.9375,-20.3125,-26,-4,26.4375,25.0625,6.375,-15.75,-17,-13.8125,-18.6875,-13.75,-17.9375,-40.5625,-30.6875,-11.5625,4.3125,-6.375,28.8125,17.3125,9.1875,9.8125,-8.125,1.875,13.75,3.1875,1.25,-2.5625,-0.6875,6.625,29.5,4.5,7.8125,-7.1875,-0.5625,0,0,0,0
Action_7,GRY,-28.875,-13.3125,-29.125,-17.25,-6.6875,-3.5625,1.5,-11.125,-28.3125,-12.9375,-20.3125,-26,-4,26.4375,25.0625,6.375,-15.75,-17,-13.8125,-18.6875,-13.75,-17.9375,-40.5625,-30.6875,-11.5625,4.3125,-6.375,28.8125,17.3125,9.1875,9.8125,-8.125,1.875,13.75,3.1875,1.25,-2.5625,-0.6875,6.625,29.5,4.5,7.8125,-7.1875,-0.5625,0,0,0,0
Action_7,GRZ,-28.875,-13.3125,-29.125,-17.25,-6.6875,-3.5625,1.5,-11.125,-28.3125,-12.9375,-20.3125,-26,-4,26.4375,25.0625,6.375,-15.75,-17,-13.8125,-18.6875,-13.75,-17.9375,-40.5625,-30.6875,-11.5625,4.3125,-6.375,28.8125,17.3125,9.1875,9.8125,-8.125,1.875,13.75,3.1875,1.25,-2.5625,-0.6875,6.625,29.5,4.5,7.8125,-7.1875,-0.5625,0,0,0,0
Action_7,ORL,3.430808,3.44571,3.453906,3.463502,3.470276,3.471676,3.466849,3.466939,3.462442,3.450249,3.439019,3.4303,3.422505,3.425189,3.433795,3.441183,3.4482,3.45028,3.447235,3.449364,3.452116,3.45076,3.445683,3.449293,3.455057,3.447285,3.450866,3.456178,3.45532,3.457443,3.456717,3.45441,3.452334,3.452607,3.449799,3.450846,3.452402,3.450815,3.447505,3.426763,3.395408,3.348156,3.311453,3.273874,0,0,0,0
Action_7,OPL,4.249098,4.378165,4.453229,4.536936,4.581055,4.623597,4.660609,4.69368,4.699087,4.687361,4.683237,4.692726,4.698137,4.694163,4.687917,4.687547,4.704014,4.716345,4.722466,4.718551,4.715972,4.717365,4.72489,4.733652,4.750014,4.762656,4.778013,4.781184,4.775865,4.774024,4.77642,4.779915,4.779505,4.779175,4.783987,4.786636,4.786747,4.788905,4.788695,4.750704,4.61651,4.399889,4.18225,3.940621,0,0,0,0
Action_7,OYL,2.702652,2.700943,2.699171,2.693821,2.689056,2.689875,2.692744,2.69662,2.700383,2.709436,2.715055,2.71521,2.706486,2.690554,2.67422,2.666114,2.678954,2.704513,2.707155,2.700042,2.695874,2.690082,2.68697,2.694422,2.713952,2.721779,2.734194,2.750621,2.746888,2.738425,2.730378,2.722335,2.719294,2.719265,2.71217,2.712217,2.717016,2.714728,2.718001,2.724481,2.744286,2.781529,2.813306,2.857669,0,0,0,0
Action_7,ORR,7.110538,6.971799,6.909581,6.861405,6.827627,6.819607,6.806129,6.791776,6.768183,6.727769,6.697444,6.662446,6.640038,6.68512,6.745726,6.777801,6.776543,6.773328,6.751564,6.709955,6.693546,6.670647,6.615192,6.576006,6.56682,6.537461,6.55763,6.593711,6.614225,6.641079,6.666286,6.670846,6.679839,6.697201,6.706027,6.70554,6.703553,6.708091,6.717856,6.764559,6.804794,6.87909,6.892203,6.955338,0,0,0,0
Action_7,OPR,3.140804,3.232186,3.315887,3.396084,3.49613,3.563768,3.626326,3.69669,3.766832,3.944505,4.37723,4.79762,5.219904,5.54284,5.799517,5.874727,5.898505,5.896554,5.908684,5.903231,5.873362,5.828149,5.714977,5.565688,5.360631,5.081237,4.886882,4.748131,4.611813,4.472952,4.362794,4.26146,4.261381,4.253408,4.201461,4.181594,4.179095,4.191173,4.187367,4.136041,4.003292,3.794641,3.630883,3.43249,0,0,0,0
Action_7,OYR,9.975541,0.04925558,0.08358401,0.08565827,0.08844537,0.09843227,0.1091168,0.1127002,0.1067652,0.100298,0.1011252,0.0990658,0.1076822,0.1537886,0.2335078,0.2752468,0.3111758,0.3393983,0.3425297,0.3380921,0.3456098,0.3546832,0.3921223,0.4505573,0.5061865,0.5690398,0.6019375,0.6020072,0.5899937,0.5545425,0.5487846,0.5375159,0.519668,0.5126933,0.5186573,0.5174504,0.5146849,0.5115041,0.4965359,0.4804968,0.4633149,0.390542,0.340574,0.2701457,0,0,0,0
Action_8,ALX,0.9277344,0.9438477,0.934082,0.9550781,0.9423828,1.103027,1.027832,0.8012695,0.6210938,0.4521484,0.328125,0.3349609,0.2910156,0.2265625,0.1860352,0.2177734,0.2299805,0.2089844,0.1850586,0.2001953,0.2519531,0.2055664,0.1655273,0.1791992,0.1860352,0.1894531,0.1728516,0.1547852,0.1591797,0.1166992,0.1230469,0.1411133,0.1459961,0.1245117,0.1074219,0.1025391,0.1049805,0.09375,0.1015625,0.1210938,0.1049805,0.08886719,0.08203125,0.02832031,0,0,0,0
Action_8,ALY,-0.3330078,-0.3334961,-0.3222656,-0.3496094,-0.3344727,-0.3496094,-0.5512695,-0.5791016,-0.6748047,-0.6582031,-0.6323242,-0.6953125,-0.7495117,-0.7763672,-0.7602539,-0.7900391,-0.8022461,-0.7978516,-0.8134766,-0.8022461,-0.7905273,-0.8061523,-0.8178711,-0.8168945,-0.8212891,-0.8105469,-0.8120117,-0.7993164,-0.8178711,-0.8305664,-0.8574219,-0.8549805,-0.7788086,-0.7758789,-0.8232422,-0.8476563,-0.84375,-0.8144531,-0.8168945,-0.8339844,-0.8261719,-0.8046875,-0.7314453,-0.6508789,0,0,0,0
Action_8,ALZ,0.04101563,0.03662109,0.03955078,0.06103516,0.04003906,-0.002929688,0.3100586,0.3823242,0.4106445,0.4765625,0.4775391,0.5317383,0.5595703,0.5727539,0.5756836,0.5908203,0.6079102,0.5771484,0.5805664,0.6064453,0.6098633,0.59375,0.5913086,0.6015625,0.5893555,0.5737305,0.5673828,0.5854492,0.5961914,0.5913086,0.5688477,0.5961914,0.5878906,0.6005859,0.5874023,0.5834961,0.5717773,0.5883789,0.590332,0.581543,0.5678711,0.5532227,0.5004883,0.4931641,0,0,0,0
Action_8,ARX,0.9121094,0.9160156,0.909668,0.9194336,0.9160156,0.9052734,0.90625,0.918457,0.9248047,0.9296875,0.8710938,0.8466797,0.9257813,0.8847656,0.8740234,0.9423828,1.040527,0.7714844,0.3330078,0.1328125,-0.01611328,-0.1767578,-0.3017578,-0.3457031,-0.4130859,-0.3891602,-0.4057617,-0.409668,-0.2368164,-0.2563477,-0.2026367,-0.2910156,-0.1367188,0.1494141,0.5288086,0.5126953,0.5371094,0.4443359,0.5214844,0.5717773,0.4599609,0.4194336,0.2456055,0.7685547,0,0,0,0
Action_8,ARY,0.3520508,0.3334961,0.331543,0.3398438,0.3500977,0.3388672,0.3388672,0.3500977,0.3515625,0.3398438,0.3896484,0.4018555,0.3881836,0.425293,0.4658203,0.5410156,0.6328125,0.9414063,0.8647461,0.7163086,0.7338867,0.7460938,0.7382813,0.7758789,0.7490234,0.7709961,0.7421875,0.7773438,0.7426758,0.7832031,0.7714844,0.8491211,0.8300781,0.9262695,0.9863281,0.8496094,0.8359375,0.722168,0.762207,0.7910156,0.7368164,0.699707,0.5986328,0.6230469,0,0,0,0
Action_8,ARZ,0.05029297,0.07080078,0.06494141,0.05615234,0.06933594,0.05566406,0.05957031,0.06103516,0.0546875,0.04443359,0.1269531,0.1123047,0.09033203,0.1337891,0.1420898,0.1582031,0.2495117,0.4970703,0.4233398,0.4453125,0.4702148,0.5146484,0.4663086,0.4570313,0.3969727,0.4580078,0.4594727,0.4462891,0.5,0.4990234,0.6103516,0.4672852,0.4521484,0.4907227,0.4916992,0.3959961,0.4262695,0.3867188,0.3945313,0.4331055,0.3969727,0.3759766,0.2729492,0.340332,0,0,0,0
Action_8,EMG0L,9,-7,13,12,10,1,-14,5,7,-13,-4,-8,-37,20,-9,6,21,-3,-23,10,-1,36,2,-19,37,-31,16,-1,-5,-8,-70,15,-38,-14,-5,-12,15,6,12,23,23,9,47,-8,0,0,0,0
Action_8,EMG1L,10,3,7,-3,-4,11,-19,-1,24,3,0,-3,-10,12,11,18,6,2,-17,12,-4,15,-17,-8,9,-2,-13,-25,-3,-12,53,-1,-35,-11,-18,10,-13,20,13,-4,-12,1,-2,-2,0,0,0,0
Action_8,EMG2L,5,8,2,-8,-12,-41,-56,-20,31,27,-23,-8,3,25,14,20,-2,32,3,48,-11,21,-52,-4,98,-17,-11,5,-59,-9,54,-2,-12,-53,11,27,62,16,-26,34,-50,-2,-67,-5,0,0,0,0
Action_8,EMG3L,1,-1,4,-4,-18,-5,-12,11,12,-11,2,16,11,-11,5,8,-1,-10,-7,-2,18,-1,15,1,10,3,7,-6,4,-1,-4,-10,0,-2,12,-3,1,-3,-7,-4,-5,1,3,10,0,0,0,0
Action_8,EMG4L,1,-1,4,-8,-116,38,29,-20,4,5,-4,15,-3,-4,7,-3,2,-9,-10,-8,-7,1,11,5,-3,-2,5,-1,4,-10,4,-5,-2,4,1,-4,0,-10,-2,-1,-4,-1,17,0,0,0,0,0
Action_8,EMG5L,4,0,4,-3,-10,-4,4,-18,6,-5,7,18,-1,10,11,-12,8,-1,0,11,-2,-10,0,6,-5,-6,-20,6,6,-11,12,8,-4,12,-10,-11,-6,-14,0,12,2,-6,40,-5,0,0,0,0
Action_8,EMG6L,-5,18,17,14,9,-56,-64,12,-17,3,92,4,-37,52,-7,7,-20,-12,12,0,46,1,-23,36,1,-40,6,47,23,37,26,34,-82,28,-50,52,45,-21,-10,51,44,-30,-32,-2,0,0,0,0
Action_8,EMG7L,-1,10,3,13,-2,-4,-25,8,6,0,15,15,-12,-10,31,12,-3,-6,-8,-13,10,9,1,-9,9,-25,7,15,-5,-25,23,-8,-12,-15,-23,7,-10,12,-34,-8,14,-21,116,-5,0,0,0,0
Action_8,EMG0R,-15,46,-6,-4,-1,25,-46,-18,5,8,2,-2,4,-6,-19,-24,21,-39,1,-69,31,31,-6,40,8,-16,-5,22,1,-17,5,14,9,27,-8,11,25,-34,6,21,0,20,13,-18,0,0,0,0
Action_8,EMG1R,-1,4,0,-1,2,5,-11,-3,0,1,-3,-2,4,-4,-13,3,0,-17,-3,-18,-13,-16,7,-4,2,-12,3,11,-4,-16,16,-5,0,2,1,0,12,-11,15,-7,3,10,1,-12,0,0,0,0
Action_8,EMG2R,1,0,-1,-1,1,1,-3,0,0,1,-4,-2,4,-3,-5,-4,-9,-4,-4,-16,-4,-11,5,0,2,-7,1,10,-5,-15,13,-7,5,6,-3,-11,10,-7,5,1,6,5,2,-2,0,0,0,0
Action_8,EMG3R,1,-4,-10,-2,2,1,-5,4,-2,3,0,-9,7,7,-2,8,3,-4,-8,-21,-10,-4,14,-6,-2,-6,3,14,6,-30,36,-3,9,6,-3,8,11,-21,22,4,-2,0,0,1,0,0,0,0
Action_8,EMG4R,-8,3,-18,0,-4,6,4,2,-4,2,-2,-26,17,-2,18,-31,1,-10,-18,-27,1,-3,7,-9,1,-10,17,30,3,-25,-3,-2,5,-5,4,13,3,-3,36,15,-6,-6,-17,8,0,0,0,0
Action_8,EMG5R,-17,15,-25,15,6,0,16,5,-15,6,0,-10,24,16,-19,5,-12,-9,7,4,-7,-4,-4,-3,-15,12,-7,-1,-19,-17,-16,17,-37,-25,4,-4,-19,-14,16,1,6,-15,11,-1,0,0,0,0
Action_8,EMG6R,8,-6,13,0,-14,35,0,-20,3,3,-11,2,20,-2,-21,1,6,-17,10,-24,19,4,-11,-13,-5,17,2,21,-5,-13,7,-17,-21,-33,14,-41,-14,-39,23,0,0,-2,14,-18,0,0,0,0
Action_8,EMG7R,-19,4,1,3,12,15,-15,-7,9,-4,-18,9,1,-16,9,-22,13,-28,13,24,-67,3,0,13,-5,1,11,7,1,-45,5,-8,4,14,14,-13,30,-15,4,-7,6,0,7,-2,0,0,0,0
Action_8,GLX,3.1875,-0.8125,4.25,1.75,5.875,108.125,-1.3125,11.6875,3.3125,12.8125,5.3125,0.9375,-7.375,-9.4375,-1.0625,2,-0.375,-0.25,-5.4375,-4.1875,4,0,-0.875,-2.4375,-0.8125,-1.125,-4.3125,0.25,-1.6875,-0.875,0.0625,-7.6875,-4.6875,-1,2.8125,2.8125,-1.4375,-0.125,-1.875,2,2.5625,-1.25,-12.25,-26.375,0,0,0,0
Action_8,GLY,3.1875,-0.8125,4.25,1.75,5.875,108.125,-1.3125,11.6875,3.3125,12.8125,5.3125,0.9375,-7.375,-9.4375,-1.0625,2,-0.375,-0.25,-5.4375,-4.1875,4,0,-0.875,-2.4375,-0.8125,-1.125,-4.3125,0.25,-1.6875,-0.875,0.0625,-7.6875,-4.6875,-1,2.8125,2.8125,-1.4375,-0.125,-1.875,2,2.5625,-1.25,-12.25,-26.375,0,0,0,0
Action_8,GLZ,3.1875,-0.8125,4.25,1.75,5.875,108.125,-1.3125,11.6875,3.3125,12.8125,5.3125,0.9375,-7.375,-9.4375,-1.0625,2,-0.375,-0.25,-5.4375,-4.1875,4,0,-0.875,-2.4375,-0.8125,-1.125,-4.3125,0.25,-1.6875,-0.875,0.0625,-7.6875,-4.6875,-1,2.8125,2.8125,-1.4375,-0.125,-1.875,2,2.5625,-1.25,-12.25,-26.375,0,0,0,0
Action_8,GRX,1.125,2,-0.6875,-2.0625,-0.5625,-2.5,2.5,3.625,3.875,-9.0625,-8.75,-15.375,-18.75,-12,-6.1875,-19.1875,-43.6875,-24.3125,-21.25,-6.3125,-4.75,5.5625,-5.1875,-7.75,-5.5,-5,-7.875,-10.625,-25.5625,-29.375,-40.375,-4.8125,12.125,29.875,20.125,11,2.25,2.5625,6.3125,-1.875,-4.375,-2.875,12.875,9.3125,0,0,0,0
Action_8,GRY,1.125,2,-0.6875,-2.0625,-0.5625,-2.5,2.5,3.625,3.875,-9.0625,-8.75,-15.375,-18.75,-12,-6.1875,-19.1875,-43.6875,-24.3125,-21.25,-6.3125,-4.75,5.5625,-5.1875,-7.75,-5.5,-5,-7.875,-10.625,-25.5625,-29.375,-40.375,-4.8125,12.125,29.875,20.125,11,2.25,2.5625,6.3125,-1.875,-4.375,-2.875,12.875,9.3125,0,0,0,0
Action_8,GRZ,1.125,2,-0.6875,-2.0625,-0.5625,-2.5,2.5,3.625,3.875,-9.0625,-8.75,-15.375,-18.75,-12,-6.1875,-19.1875,-43.6875,-24.3125,-21.25,-6.3125,-4.75,5.5625,-5.1875,-7.75,-5.5,-5,-7.875,-10.625,-25.5625,-29.375,-40.375,-4.8125,12.125,29.875,20.125,11,2.25,2.5625,6.3125,-1.875,-4.375,-2.875,12.875,9.3125,0,0,0,0
Action_8,ORL,2.769924,2.761432,2.74347,2.733631,2.738972,2.912719,3.118806,3.297957,3.415051,3.471634,3.513503,3.522404,3.519802,3.518828,3.516704,3.513747,3.513112,3.510184,3.50309,3.498076,3.50438,3.504729,3.503052,3.502784,3.500695,3.499965,3.490796,3.488802,3.485652,3.48577,3.480013,3.468759,3.462317,3.457666,3.465918,3.471063,3.472383,3.47064,3.469674,3.472677,3.475317,3.474195,3.459786,3.439204,0,0,0,0
Action_8,OPL,3.045074,3.041776,3.042975,3.045743,3.048368,3.117112,3.256008,3.497989,3.878488,4.150804,4.372834,4.515803,4.590434,4.640316,4.664504,4.675684,4.676446,4.67665,4.669385,4.661944,4.663736,4.673244,4.680353,4.685197,4.69499,4.70239,4.721703,4.731332,4.737932,4.752511,4.792123,4.836154,4.861744,4.864381,4.848249,4.835851,4.831943,4.831856,4.833306,4.842933,4.843645,4.840517,4.80233,4.713872,0,0,0,0
Action_8,OYL,3.413224,3.422658,3.440671,3.451351,3.4591,3.426404,3.240348,3.06699,2.92367,2.844524,2.790707,2.760467,2.736522,2.711333,2.706387,2.717555,2.722773,2.725286,2.727197,2.727773,2.731012,2.729109,2.722669,2.717403,2.705606,2.702046,2.702088,2.708461,2.708824,2.708174,2.725523,2.746769,2.753043,2.745083,2.718884,2.703225,2.698186,2.698121,2.700298,2.706138,2.71255,2.718388,2.719402,2.709908,0,0,0,0
Action_8,ORR,7.241924,7.240805,7.23784,7.238292,7.228723,7.219804,7.213746,7.217909,7.216632,7.192289,7.115231,7.081927,7.050636,7.017664,6.988426,6.935157,6.848446,6.762343,6.71734,6.696777,6.687872,6.693964,6.694798,6.697518,6.702669,6.690111,6.676342,6.673034,6.64237,6.606216,6.553832,6.526579,6.538134,6.595161,6.671144,6.693927,6.706903,6.712355,6.726392,6.71988,6.709345,6.714815,6.746242,6.850109,0,0,0,0
Action_8,OPR,3.071536,3.071259,3.073279,3.073389,3.07555,3.077185,3.07143,3.066525,3.067456,3.08221,3.135041,3.175035,3.211012,3.24256,3.282957,3.376435,3.527407,3.813176,4.201596,4.744682,5.074903,5.325278,5.550188,5.657996,5.756659,5.773094,5.765065,5.737247,5.638808,5.507575,5.33373,5.037508,4.797871,4.567331,4.303975,4.176763,4.100204,4.093427,4.075192,4.068684,4.094602,4.101322,4.058525,3.820808,0,0,0,0
Action_8,OYR,9.887774,9.889215,9.890323,9.890598,9.897865,9.902652,9.910618,9.914075,9.921417,9.939569,9.997355,0.01191951,9.991631,1.126663E-05,0.01794468,0.04881138,0.07948779,0.114146,0.1216441,0.1486583,0.184545,0.2341083,0.291555,0.3288298,0.3711694,0.3801416,0.3807363,0.3896904,0.413913,0.4631018,0.5291638,0.6475972,0.67092,0.6541132,0.6259831,0.6014872,0.5859703,0.580387,0.5815838,0.5826972,0.5739653,0.5598699,0.5211983,0.4351206,0,0,0,0
Action_9,ALX,0.9111328,0.8916016,0.9038086,0.9125977,0.8955078,0.8999023,1.132324,0.7749023,0.5517578,0.4316406,0.3510742,0.3183594,0.2387695,0.1762695,0.1669922,0.2016602,0.234375,0.2084961,0.1967773,0.2036133,0.1782227,0.1708984,0.1879883,0.1855469,0.1616211,0.1503906,0.1142578,0.1499023,0.1713867,0.1176758,0.08544922,0.1162109,0.1049805,0.07714844,0.08349609,0.1049805,0.1245117,0.1000977,0.1079102,0.0546875,0.3969727,0.5952148,0.7192383,1.006836,0,0,0,0
Action_9,ALY,-0.3828125,-0.4038086,-0.4033203,-0.4262695,-0.4648438,-0.4570313,-0.4472656,-0.7392578,-0.6757813,-0.7138672,-0.6699219,-0.7143555,-0.7827148,-0.7768555,-0.8076172,-0.8076172,-0.8525391,-0.8056641,-0.7758789,-0.8007813,-0.8325195,-0.8232422,-0.8168945,-0.8120117,-0.8012695,-0.8349609,-0.8598633,-0.894043,-0.8261719,-0.7553711,-0.7597656,-0.8286133,-0.8706055,-0.8266602,-0.7993164,-0.8212891,-0.8295898,-0.796875,-0.6948242,-0.5913086,-0.7338867,-0.8344727,-0.6884766,-0.6728516,0,0,0,0
Action_9,ALZ,0.09179688,0.08203125,0.09863281,0.1118164,0.140625,0.1030273,0.1074219,0.4765625,0.3686523,0.4243164,0.4697266,0.5561523,0.6113281,0.5673828,0.5532227,0.5683594,0.6523438,0.5595703,0.5786133,0.5849609,0.5898438,0.5756836,0.5664063,0.5893555,0.5932617,0.5766602,0.5742188,0.5932617,0.5678711,0.5942383,0.6118164,0.5742188,0.5615234,0.5844727,0.6098633,0.5961914,0.5727539,0.5664063,0.5791016,0.3857422,0.4228516,0.4794922,0.5117188,0.2988281,0,0,0,0
Action_9,ARX,0.8779297,0.878418,0.8808594,0.859375,0.8911133,0.8896484,0.8867188,0.8818359,0.887207,0.8662109,0.8442383,0.8608398,0.9101563,1.009766,1.005859,0.5209961,0.2651367,0.08300781,0.01513672,-0.1904297,-0.2167969,-0.2797852,-0.3623047,-0.3955078,-0.3457031,-0.1982422,-0.1328125,-0.2412109,-0.3110352,-0.09960938,0.3759766,0.7563477,0.7412109,0.46875,0.418457,0.4785156,0.5537109,0.4375,0.3144531,0.5336914,0.8251953,0.9355469,1,1.038086,0,0,0,0
Action_9,ARY,0.4057617,0.4052734,0.4160156,0.4248047,0.4091797,0.3974609,0.3994141,0.4306641,0.4243164,0.449707,0.425293,0.425293,0.4941406,0.5146484,0.6269531,0.8637695,0.8686523,0.8476563,0.7617188,0.6669922,0.7260742,0.7670898,0.7319336,0.7841797,0.7929688,0.7871094,0.7436523,0.8115234,0.7587891,0.7324219,0.8413086,1.009766,0.9228516,0.7651367,0.6777344,0.6674805,0.7338867,0.6782227,0.6391602,0.7241211,0.574707,0.5195313,0.324707,0.3603516,0,0,0,0
Action_9,ARZ,0.1010742,0.09277344,0.09667969,0.109375,0.109375,0.09667969,0.08642578,0.1308594,0.1098633,0.137207,0.1474609,0.1264648,0.1342773,0.1728516,0.293457,0.4838867,0.4526367,0.4360352,0.5253906,0.5493164,0.4941406,0.4902344,0.4584961,0.4755859,0.5043945,0.5693359,0.559082,0.5917969,0.4726563,0.434082,0.625,0.5908203,0.5068359,0.4746094,0.4570313,0.4755859,0.4599609,0.4296875,0.2910156,0.2895508,0.3017578,0.1865234,0.02148438,0.03320313,0,0,0,0
Action_9,EMG0L,4,-17,-17,-4,5,-18,-3,-16,-20,-2,-9,-9,-19,-35,11,9,17,-37,-4,0,-21,-29,4,-20,6,-26,22,-7,-4,-7,-7,-2,-5,0,3,-19,-2,5,-2,2,-1,31,-8,-9,0,0,0,0
Action_9,EMG1L,7,-3,-5,8,-3,-2,3,8,5,-2,1,28,-2,3,12,-3,27,-5,5,-4,-11,4,4,15,-9,-16,-3,10,-18,-11,-7,-3,20,-1,-2,0,-9,-2,-4,1,-2,0,-2,-4,0,0,0,0
Action_9,EMG2L,-21,13,-1,57,-15,10,-11,10,19,25,-50,-11,-41,-2,49,-49,83,7,-23,4,-39,0,58,-20,22,-15,-50,-23,-37,-32,93,-12,-5,-4,19,-6,-19,-17,0,-7,24,1,-5,-1,0,0,0,0
Action_9,EMG3L,-3,1,0,6,-1,6,3,6,0,7,6,-1,0,1,4,0,2,2,-2,3,-5,-7,2,7,-2,-7,4,0,-4,-3,-4,-3,6,7,-12,-3,-7,-6,-1,5,4,-4,-1,-1,0,0,0,0
Action_9,EMG4L,-4,1,-1,3,-2,23,-19,0,-15,-17,-2,-3,-3,3,7,-1,-7,-4,-8,0,-1,4,-5,0,-4,-7,7,-7,-8,-5,-2,-9,8,6,-7,2,-1,-4,7,5,0,3,-3,0,0,0,0,0
Action_9,EMG5L,0,5,1,11,0,-22,-10,2,-39,-12,-1,-8,-5,-1,6,2,-1,6,-17,0,-7,13,-2,10,4,-31,10,-9,-10,6,-2,-4,-13,13,0,-1,-8,-5,8,8,6,10,-7,7,0,0,0,0
Action_9,EMG6L,19,10,-5,47,14,11,3,-7,-33,9,18,-40,10,-25,21,-84,11,1,-40,33,-32,7,25,-5,14,-96,-56,11,-42,12,-6,-44,-14,35,-14,21,30,-16,6,-9,30,-4,-14,18,0,0,0,0
Action_9,EMG7L,-13,16,-34,9,19,-5,8,15,-5,20,-6,-27,-24,-44,-8,-40,7,-62,-25,2,-63,-43,9,11,20,-27,-2,4,-23,19,-20,7,-13,8,-10,10,-12,-10,-1,0,12,9,12,4,0,0,0,0
Action_9,EMG0R,7,10,-3,9,-9,3,-9,10,-15,0,19,-6,2,7,48,22,10,-17,-22,-17,17,5,9,19,-5,1,-10,-1,12,-24,4,-2,5,-15,26,23,-4,-13,18,8,-64,8,4,0,0,0,0,0
Action_9,EMG1R,1,-4,0,4,2,-3,3,2,-2,-1,2,0,-4,-2,1,-8,10,1,-5,-14,13,7,8,-2,4,-4,-1,-6,1,-13,20,-3,6,4,7,-1,3,-4,-5,-3,-12,3,-1,-1,0,0,0,0
Action_9,EMG2R,-1,-1,0,3,0,-1,0,1,-2,0,2,-3,-6,-3,3,-6,11,1,1,-5,8,5,1,0,3,-10,-6,-10,-4,-4,18,0,5,6,9,3,-3,-5,-8,-3,-4,0,0,-4,0,0,0,0
Action_9,EMG3R,0,1,-1,1,-3,-2,2,1,0,-3,-1,0,-5,0,5,-1,1,-5,1,1,-5,6,-3,-2,-1,-12,-12,-16,8,10,17,-22,10,12,36,22,-11,0,-2,-7,-6,-2,0,-1,0,0,0,0
Action_9,EMG4R,-3,3,0,0,0,-6,4,3,-1,-1,-10,-2,-12,-10,2,-5,36,-33,-18,-12,9,6,-11,9,6,-6,-3,11,-12,0,10,-13,7,29,-14,18,-7,7,-5,-2,-7,1,-4,6,0,0,0,0
Action_9,EMG5R,-2,-7,4,2,14,-43,11,2,2,4,5,11,-9,4,1,0,12,-34,-24,-1,8,-36,8,16,27,-12,5,-1,0,28,5,2,-2,23,12,-22,6,8,0,3,-9,-4,0,-9,0,0,0,0
Action_9,EMG6R,-3,9,-5,7,10,-13,0,2,17,-2,2,-30,27,0,11,4,15,-1,-3,-8,3,-6,28,8,9,-19,-7,26,14,-17,16,12,-12,34,7,6,-11,4,-4,10,-5,1,-4,3,0,0,0,0
Action_9,EMG7R,3,0,8,6,1,2,3,6,3,-4,4,-6,7,0,1,17,11,-19,1,-12,18,20,26,1,17,-10,-2,-4,-16,-38,7,24,7,6,23,22,-8,16,17,7,-30,9,3,0,0,0,0,0
Action_9,GLX,-2.25,1.5,1.875,4.3125,3.8125,19.5625,78.125,7.875,19.6875,12.1875,4.375,3.375,2.6875,0.9375,-6.8125,-4.5625,-2.875,-1,-0.375,0.1875,-0.5625,0,0.125,-3.5,0.125,0.3125,3,2.625,-7.0625,-6.3125,1.9375,6.375,1.75,-2.875,-0.3125,-1.6875,2.0625,1.625,-4.125,-22.9375,-41.9375,-21.5,18.625,59.125,0,0,0,0
Action_9,GLY,-2.25,1.5,1.875,4.3125,3.8125,19.5625,78.125,7.875,19.6875,12.1875,4.375,3.375,2.6875,0.9375,-6.8125,-4.5625,-2.875,-1,-0.375,0.1875,-0.5625,0,0.125,-3.5,0.125,0.3125,3,2.625,-7.0625,-6.3125,1.9375,6.375,1.75,-2.875,-0.3125,-1.6875,2.0625,1.625,-4.125,-22.9375,-41.9375,-21.5,18.625,59.125,0,0,0,0
Action_9,GLZ,-2.25,1.5,1.875,4.3125,3.8125,19.5625,78.125,7.875,19.6875,12.1875,4.375,3.375,2.6875,0.9375,-6.8125,-4.5625,-2.875,-1,-0.375,0.1875,-0.5625,0,0.125,-3.5,0.125,0.3125,3,2.625,-7.0625,-6.3125,1.9375,6.375,1.75,-2.875,-0.3125,-1.6875,2.0625,1.625,-4.125,-22.9375,-41.9375,-21.5,18.625,59.125,0,0,0,0
Action_9,GRX,-0.5,-1.75,-0.5,-1.0625,0.75,-4.6875,-1.375,3.625,-12.875,-7.6875,-10.0625,-16.1875,-20.3125,-29.875,-18.25,-42.875,-41.8125,-0.875,3.0625,-9.1875,-8.75,-5.3125,-1.5,-7,-4.9375,-24,-43.1875,-50,-13.5625,32.0625,26.0625,-3.875,4.8125,-12,1,1.5625,-4.5,6.3125,31.625,-3.9375,12.8125,4.375,-12,30.5,0,0,0,0
Action_9,GRY,-0.5,-1.75,-0.5,-1.0625,0.75,-4.6875,-1.375,3.625,-12.875,-7.6875,-10.0625,-16.1875,-20.3125,-29.875,-18.25,-42.875,-41.8125,-0.875,3.0625,-9.1875,-8.75,-5.3125,-1.5,-7,-4.9375,-24,-43.1875,-50,-13.5625,32.0625,26.0625,-3.875,4.8125,-12,1,1.5625,-4.5,6.3125,31.625,-3.9375,12.8125,4.375,-12,30.5,0,0,0,0
Action_9,GRZ,-0.5,-1.75,-0.5,-1.0625,0.75,-4.6875,-1.375,3.625,-12.875,-7.6875,-10.0625,-16.1875,-20.3125,-29.875,-18.25,-42.875,-41.8125,-0.875,3.0625,-9.1875,-8.75,-5.3125,-1.5,-7,-4.9375,-24,-43.1875,-50,-13.5625,32.0625,26.0625,-3.875,4.8125,-12,1,1.5625,-4.5,6.3125,31.625,-3.9375,12.8125,4.375,-12,30.5,0,0,0,0
Action_9,ORL,2.84715,2.856419,2.869209,2.880176,2.905214,2.956431,3.091393,3.298741,3.411704,3.457759,3.482965,3.48924,3.498598,3.505857,3.497869,3.481949,3.47217,3.478623,3.487032,3.490668,3.493367,3.495024,3.491048,3.48429,3.482251,3.481963,3.48105,3.481545,3.469427,3.464067,3.472432,3.481299,3.480813,3.474087,3.474254,3.477597,3.482491,3.487196,3.489691,3.457553,3.395703,3.361724,3.283004,3.12005,0,0,0,0
Action_9,OPL,3.185968,3.192022,3.199092,3.210638,3.227672,3.256007,3.328427,3.622367,4.018985,4.275879,4.454388,4.559754,4.627815,4.658854,4.679436,4.685564,4.686185,4.691195,4.693651,4.689465,4.685795,4.691413,4.701374,4.707249,4.708814,4.709933,4.719796,4.77671,4.828848,4.856621,4.871969,4.871099,4.859851,4.841934,4.837022,4.83881,4.838927,4.83241,4.803718,4.626266,4.342767,4.130659,3.737001,3.3666,0,0,0,0
Action_9,OYL,3.307531,3.294827,3.277708,3.267144,3.247196,3.220683,3.186978,2.96835,2.852159,2.806033,2.772704,2.756777,2.7373,2.730315,2.730621,2.737948,2.74171,2.736914,2.719139,2.706798,2.697193,2.690114,2.694589,2.699176,2.699814,2.699205,2.704116,2.740869,2.767699,2.7698,2.746551,2.729174,2.716722,2.708131,2.706123,2.702129,2.69544,2.695143,2.685761,2.626873,2.621477,2.633961,2.722866,2.970784,0,0,0,0
Action_9,ORR,7.139471,7.137822,7.136985,7.127838,7.122792,7.104893,7.090971,7.073314,7.055886,7.021003,6.996444,6.98785,6.960998,6.896745,6.806485,6.710418,6.653227,6.641704,6.639836,6.632009,6.627938,6.610351,6.604145,6.610636,6.605344,6.583215,6.546921,6.495391,6.441564,6.473923,6.547919,6.592068,6.617819,6.624639,6.618998,6.614479,6.613121,6.624003,6.671123,6.738768,6.772602,6.877589,7.056508,7.200044,0,0,0,0
Action_9,OPR,3.204338,3.204584,3.204116,3.205292,3.2057,3.211567,3.216078,3.217002,3.219499,3.242542,3.265169,3.285023,3.323231,3.391409,3.532667,3.901047,4.260724,4.760608,5.091173,5.355443,5.532981,5.640501,5.658171,5.643677,5.605471,5.538501,5.408026,5.223502,4.961862,4.734601,4.391855,4.186031,4.081328,4.078583,4.099478,4.097968,4.086057,4.076169,4.025171,3.880335,3.626653,3.455519,3.237596,3.117983,0,0,0,0
Action_9,OYR,0.06585916,0.06302409,0.06378463,0.07042322,0.07537205,0.08834317,0.1004159,0.1243302,0.1362228,0.1502052,0.1538431,0.138765,0.1277664,0.1426063,0.2054833,0.2468486,0.1955189,0.1488897,0.1646708,0.2067375,0.2387678,0.262714,0.2815537,0.296349,0.2988741,0.3245316,0.4325221,0.5770376,0.6989221,0.7347724,0.7258195,0.6945729,0.6631447,0.6341713,0.6240265,0.6245517,0.6177352,0.6041695,0.5893793,0.5409492,0.4684936,0.3501057,0.1361334,0.01454653,0,0,0,0
Action_10,ALX,0.8930664,0.9179688,0.9399414,0.9311523,0.8530273,0.8916016,1.023438,0.9189453,0.730957,0.4370117,0.3413086,0.2758789,0.2402344,0.2045898,0.140625,0.1875,0.190918,0.1904297,0.1850586,0.1850586,0.2070313,0.190918,0.1621094,0.1552734,0.1523438,0.128418,0.1591797,0.1611328,0.1567383,0.1831055,0.1699219,0.08447266,0.09521484,0.1020508,0.09423828,0.09765625,0.1025391,0.07226563,0.09082031,0.06542969,0.07226563,0.0546875,0.2172852,0.3217773,0,0,0,0
Action_10,ALY,-0.409668,-0.4042969,-0.4150391,-0.3950195,-0.4311523,-0.4770508,-0.512207,-0.6640625,-0.6904297,-0.7353516,-0.715332,-0.6831055,-0.7431641,-0.7973633,-0.78125,-0.7900391,-0.8325195,-0.8515625,-0.8266602,-0.8232422,-0.8496094,-0.8413086,-0.8217773,-0.8491211,-0.859375,-0.8515625,-0.840332,-0.8374023,-0.8564453,-0.8613281,-0.8266602,-0.7983398,-0.8061523,-0.8305664,-0.8525391,-0.8642578,-0.8500977,-0.8393555,-0.8291016,-0.8364258,-0.8295898,-0.7797852,-0.6967773,-0.8212891,0,0,0,0
Action_10,ALZ,0.1025391,0.1049805,0.08984375,0.1181641,0.1791992,0.1674805,0.2128906,0.3618164,0.4345703,0.4101563,0.4775391,0.4814453,0.5224609,0.5825195,0.5703125,0.5483398,0.5454102,0.5644531,0.5825195,0.5605469,0.5537109,0.543457,0.546875,0.5449219,0.5380859,0.5712891,0.578125,0.5478516,0.5341797,0.5561523,0.5874023,0.5639648,0.5527344,0.5795898,0.5576172,0.5600586,0.5551758,0.5668945,0.5698242,0.5620117,0.5527344,0.487793,0.5581055,0.565918,0,0,0,0
Action_10,ARX,0.890625,0.8837891,0.8959961,0.8828125,0.890625,0.8916016,0.8989258,0.8828125,0.8833008,0.8916016,0.8935547,0.894043,0.9160156,0.980957,1.024414,0.7006836,0.2871094,0.04443359,-0.1254883,-0.1699219,-0.1933594,-0.3017578,-0.3183594,-0.4057617,-0.3867188,-0.4243164,-0.2744141,-0.222168,-0.2407227,-0.1962891,-0.1401367,-0.07714844,0.04052734,0.1508789,0.4194336,0.409668,0.5136719,0.6489258,0.434082,0.4663086,0.4731445,0.3686523,0.449707,0.5932617,0,0,0,0
Action_10,ARY,0.3911133,0.3945313,0.3945313,0.390625,0.3920898,0.3833008,0.3891602,0.3867188,0.3945313,0.3876953,0.3896484,0.3979492,0.4169922,0.3642578,0.7626953,0.8413086,0.8798828,0.8115234,0.6679688,0.730957,0.7475586,0.7294922,0.809082,0.7119141,0.7421875,0.7416992,0.7817383,0.7231445,0.7807617,0.7963867,0.8017578,0.8554688,0.8208008,0.7924805,0.8061523,0.7573242,0.7768555,0.8188477,0.7490234,0.7470703,0.7265625,0.6289063,0.715332,0.6416016,0,0,0,0
Action_10,ARZ,0.1132813,0.1191406,0.1103516,0.1147461,0.1152344,0.1206055,0.1171875,0.1196289,0.1240234,0.1308594,0.1347656,0.1098633,0.1220703,0.1381836,0.3330078,0.4902344,0.4736328,0.5019531,0.5517578,0.5668945,0.5541992,0.5214844,0.4931641,0.5180664,0.5668945,0.5395508,0.5854492,0.5615234,0.6030273,0.5957031,0.4975586,0.5092773,0.5068359,0.5405273,0.5473633,0.4462891,0.4462891,0.4804688,0.4428711,0.4228516,0.4355469,0.3862305,0.2783203,0.2504883,0,0,0,0
Action_10,EMG0L,1,1,4,-5,-3,5,8,6,0,11,5,3,-24,-5,19,6,5,-8,3,8,16,-20,21,-6,2,-9,2,3,-8,-29,-33,8,35,11,-8,-18,27,20,18,7,-8,10,9,-5,0,0,0,0
Action_10,EMG1L,0,-2,2,-1,-3,5,-3,10,-1,2,-9,-1,-4,10,8,18,-10,1,-9,5,1,-4,-10,14,3,-2,5,10,0,7,-8,-6,15,-7,0,0,-1,0,8,-11,-4,0,12,-10,0,0,0,0
Action_10,EMG2L,-2,-2,2,0,2,7,0,-3,-7,-8,-8,3,-29,19,-27,0,-38,24,14,-19,-5,2,-17,10,-24,-26,27,4,-37,119,2,55,6,-9,4,-24,3,14,-20,10,-24,-14,95,-20,0,0,0,0
Action_10,EMG3L,0,-3,3,-1,2,-1,-6,-7,-6,-2,-2,8,7,-3,-2,-3,-1,3,2,-1,3,-3,-7,5,5,0,6,0,8,11,-6,5,8,-9,-3,0,2,2,5,-2,-4,-5,19,-6,0,0,0,0
Action_10,EMG4L,0,-4,13,2,6,20,-18,0,-5,-11,-13,13,7,6,-2,0,-4,8,-1,2,4,8,7,7,7,4,3,-5,5,5,-10,0,8,-4,0,-9,-3,-5,4,0,3,2,2,-5,0,0,0,0
Action_10,EMG5L,-2,-4,6,4,-3,19,-27,-9,-23,-17,-14,18,15,8,4,0,-2,9,1,-11,6,12,7,21,7,11,9,-8,-1,14,-11,12,12,3,1,0,-12,-3,3,8,7,5,6,-8,0,0,0,0
Action_10,EMG6L,-6,-18,-2,-9,18,13,-15,2,9,26,-13,-2,24,-4,-7,23,-20,39,26,-29,-16,45,44,23,-22,57,-9,-13,-5,24,37,40,24,-17,-19,-20,11,25,15,-19,44,11,43,0,0,0,0,0
Action_10,EMG7L,-3,-1,-2,16,10,9,-5,5,12,6,20,15,-28,-56,-25,13,-5,-5,-15,-34,-16,25,2,0,-11,13,4,19,4,15,21,16,34,-16,-50,-4,22,10,14,-64,-15,4,28,20,0,0,0,0
Action_10,EMG0R,-12,1,0,4,-30,-2,6,-7,23,-9,24,13,3,-21,16,5,33,18,-10,-22,11,-12,-16,7,3,10,21,6,-29,5,-14,-10,5,11,-41,-1,-25,-15,-32,-7,-10,8,7,15,0,0,0,0
Action_10,EMG1R,-2,0,-1,-1,-4,3,2,0,-2,1,-1,2,17,-1,-89,36,9,31,-6,-7,-5,1,-2,5,-3,13,-1,11,-27,0,-5,1,-11,-4,-2,-15,0,-15,2,-3,-1,4,0,-2,0,0,0,0
Action_10,EMG2R,-2,-1,-1,-2,-2,0,0,-2,0,0,-4,3,4,-7,-19,17,-2,18,-9,-5,0,3,-9,-7,-5,19,0,7,-5,-3,-5,-4,-9,-1,3,-14,7,-2,1,-3,-4,5,-3,-2,0,0,0,0
Action_10,EMG3R,1,0,1,-4,0,0,-3,1,-4,0,-3,0,-5,9,2,17,-7,-1,-11,-6,-14,-29,-9,6,3,-13,-2,8,-13,-8,-24,-22,7,22,-8,49,6,14,10,5,1,5,-4,-10,0,0,0,0
Action_10,EMG4R,0,1,-3,-2,-1,-3,-4,0,-2,-6,-9,-3,5,-34,0,-9,5,-7,-4,-30,6,-39,-17,11,-1,-19,-9,9,-6,-12,2,4,-9,14,-37,3,6,1,25,-4,-1,6,-3,-9,0,0,0,0
Action_10,EMG5R,1,5,-6,4,-5,-1,-3,-10,-6,-14,1,-6,8,-14,9,-29,16,15,22,16,30,-26,2,13,-19,9,-65,-10,-16,-2,-19,-26,14,5,16,11,15,-2,14,-15,-4,-40,-32,3,0,0,0,0
Action_10,EMG6R,-18,-11,9,-7,0,6,-17,-6,9,5,-10,-3,-11,13,26,35,7,2,6,5,36,4,-38,6,-33,39,-24,-24,-38,-3,38,-13,41,2,-37,26,18,-2,30,4,21,-38,-22,3,0,0,0,0
Action_10,EMG7R,-11,2,1,1,-9,2,-2,2,15,-8,-2,3,4,8,-36,-43,6,34,11,-4,22,7,-24,39,-7,33,-14,3,-38,16,6,-18,11,6,-10,-27,3,-8,9,-10,8,-3,11,18,0,0,0,0
Action_10,GLX,-0.6875,1.9375,9.1875,-13.8125,-2.9375,18.8125,19.5,0.75,24.125,16.4375,4.625,-0.875,-10.0625,-7.75,-15.25,1.25,-0.8125,-9.9375,-5.1875,4.25,4.6875,6.6875,5.0625,4.375,-0.375,-4.4375,-4.25,-2.6875,1.8125,-5.5625,-6.375,-0.625,3,3.625,4.25,2.8125,0.75,-0.5625,1.9375,-0.25,-0.0625,-15.625,5.0625,1.4375,0,0,0,0
Action_10,GLY,-0.6875,1.9375,9.1875,-13.8125,-2.9375,18.8125,19.5,0.75,24.125,16.4375,4.625,-0.875,-10.0625,-7.75,-15.25,1.25,-0.8125,-9.9375,-5.1875,4.25,4.6875,6.6875,5.0625,4.375,-0.375,-4.4375,-4.25,-2.6875,1.8125,-5.5625,-6.375,-0.625,3,3.625,4.25,2.8125,0.75,-0.5625,1.9375,-0.25,-0.0625,-15.625,5.0625,1.4375,0,0,0,0
Action_10,GLZ,-0.6875,1.9375,9.1875,-13.8125,-2.9375,18.8125,19.5,0.75,24.125,16.4375,4.625,-0.875,-10.0625,-7.75,-15.25,1.25,-0.8125,-9.9375,-5.1875,4.25,4.6875,6.6875,5.0625,4.375,-0.375,-4.4375,-4.25,-2.6875,1.8125,-5.5625,-6.375,-0.625,3,3.625,4.25,2.8125,0.75,-0.5625,1.9375,-0.25,-0.0625,-15.625,5.0625,1.4375,0,0,0,0
Action_10,GRX,-0.625,0.125,0.125,0.1875,-2.375,-2.5625,0.6875,2.8125,-0.875,0.5,-1.5,-15.6875,-16.5625,-63.75,-26.625,-41.875,-35.75,-28.6875,-14.875,-10,-12.9375,-7,-3.4375,5.4375,0.125,-3.3125,-14.6875,-24.6875,-23.375,-21.375,8.8125,28.125,33.1875,20.75,12.875,12.9375,4.1875,-4.3125,0.5625,3,-2.125,14.0625,24.4375,8.625,0,0,0,0
Action_10,GRY,-0.625,0.125,0.125,0.1875,-2.375,-2.5625,0.6875,2.8125,-0.875,0.5,-1.5,-15.6875,-16.5625,-63.75,-26.625,-41.875,-35.75,-28.6875,-14.875,-10,-12.9375,-7,-3.4375,5.4375,0.125,-3.3125,-14.6875,-24.6875,-23.375,-21.375,8.8125,28.125,33.1875,20.75,12.875,12.9375,4.1875,-4.3125,0.5625,3,-2.125,14.0625,24.4375,8.625,0,0,0,0
Action_10,GRZ,-0.625,0.125,0.125,0.1875,-2.375,-2.5625,0.6875,2.8125,-0.875,0.5,-1.5,-15.6875,-16.5625,-63.75,-26.625,-41.875,-35.75,-28.6875,-14.875,-10,-12.9375,-7,-3.4375,5.4375,0.125,-3.3125,-14.6875,-24.6875,-23.375,-21.375,8.8125,28.125,33.1875,20.75,12.875,12.9375,4.1875,-4.3125,0.5625,3,-2.125,14.0625,24.4375,8.625,0,0,0,0
Action_10,ORL,2.893528,2.893136,2.911566,2.956686,3.016215,3.071035,3.192687,3.254856,3.351082,3.433797,3.479899,3.490433,3.477662,3.461431,3.445707,3.441265,3.428319,3.415613,3.414383,3.421501,3.429404,3.43732,3.443386,3.450014,3.447921,3.44283,3.442704,3.443632,3.440606,3.426746,3.418205,3.421643,3.428794,3.436285,3.440777,3.443121,3.442971,3.442171,3.443105,3.444142,3.44349,3.429518,3.419603,3.385633,0,0,0,0
Action_10,OPL,3.177287,3.180905,3.196319,3.217164,3.260002,3.302262,3.415689,3.531848,3.767247,4.117834,4.414452,4.570895,4.654575,4.697506,4.720244,4.72015,4.710519,4.697477,4.687805,4.692526,4.703705,4.711307,4.714896,4.716166,4.715825,4.717898,4.730016,4.743644,4.764579,4.799863,4.823575,4.852345,4.86131,4.858714,4.850561,4.847412,4.848654,4.8541,4.8574,4.856216,4.856455,4.847064,4.757105,4.549354,0,0,0,0
Action_10,OYL,3.194586,3.19782,3.191138,3.143192,3.041784,2.995,2.915823,2.845705,2.759401,2.688243,2.646879,2.63643,2.632368,2.622945,2.623211,2.63861,2.664095,2.658201,2.642733,2.618712,2.619656,2.624202,2.634481,2.644172,2.640634,2.632198,2.610703,2.586911,2.582531,2.608373,2.617268,2.617266,2.616653,2.609714,2.602329,2.599711,2.605227,2.61047,2.618477,2.622345,2.623438,2.643245,2.660282,2.710478,0,0,0,0
Action_10,ORR,7.052969,7.052703,7.052424,7.046808,7.040252,7.028444,7.018707,7.010908,7.010282,7.001693,6.991049,6.972712,6.936461,6.84635,6.749002,6.686399,6.654678,6.613791,6.574569,6.552288,6.525808,6.511178,6.534205,6.544278,6.547523,6.547041,6.535918,6.51006,6.471435,6.442386,6.454656,6.500414,6.54593,6.581595,6.61371,6.643142,6.664449,6.671206,6.680853,6.691122,6.692931,6.704692,6.768181,6.81195,0,0,0,0
Action_10,OPR,3.179794,3.179908,3.180461,3.180729,3.18118,3.180847,3.180948,3.18216,3.180095,3.180059,3.192445,3.211728,3.245977,3.314446,3.535938,3.854312,4.249511,4.662243,5.134225,5.429795,5.543696,5.599509,5.6084,5.602162,5.584248,5.571872,5.537702,5.483313,5.355995,5.219971,5.074858,4.911893,4.707593,4.569425,4.429954,4.291269,4.202281,4.141887,4.154458,4.16812,4.173876,4.143285,4.047394,3.8825,0,0,0,0
Action_10,OYR,0.08128946,0.08166012,0.08159126,0.08755552,0.09248524,0.09996223,0.111654,0.1236539,0.128585,0.1390337,0.1499415,0.1544846,0.1636529,0.1801801,0.2142209,0.1937612,0.1540735,0.1299205,0.1725363,0.2131103,0.215866,0.2338546,0.2701057,0.2940072,0.3015445,0.3145628,0.3395189,0.3935417,0.4612567,0.497692,0.5328051,0.5574749,0.5677528,0.5640346,0.5612497,0.5518255,0.535284,0.5167491,0.5092991,0.498315,0.4842655,0.4730934,0.4420123,0.4070713,0,0,0,0
Action_11,ALX,0.8994141,0.8876953,0.8930664,0.90625,0.9067383,0.9555664,0.8671875,0.753418,0.3876953,0.2280273,0.2792969,0.3554688,0.2714844,0.1606445,0.1308594,0.1577148,0.1606445,0.1645508,0.1816406,0.1762695,0.1948242,0.1743164,0.1591797,0.1738281,0.1777344,0.1625977,0.1967773,0.140625,0.1015625,0.1645508,0.1469727,0.09179688,0.09326172,0.09130859,0.09082031,0.112793,0.09326172,0.07666016,0.08496094,0.06689453,0.04003906,0.1962891,0.3974609,0,0,0,0,0
Action_11,ALY,-0.4633789,-0.4521484,-0.4853516,-0.4462891,-0.4853516,-0.5332031,-0.6708984,-0.7207031,-0.7675781,-0.7089844,-0.7011719,-0.7919922,-0.7880859,-0.7807617,-0.7958984,-0.8061523,-0.8081055,-0.8369141,-0.8256836,-0.8173828,-0.8334961,-0.8417969,-0.8198242,-0.828125,-0.8261719,-0.8374023,-0.8295898,-0.8164063,-0.800293,-0.8427734,-0.7895508,-0.7739258,-0.8208008,-0.8393555,-0.8266602,-0.8300781,-0.8125,-0.8022461,-0.7958984,-0.8022461,-0.7211914,-0.6943359,-0.7875977,0,0,0,0,0
Action_11,ALZ,0.07470703,0.08691406,0.08154297,0.09863281,0.1079102,0.1899414,0.3041992,0.3969727,0.4594727,0.4150391,0.4936523,0.5581055,0.5742188,0.5576172,0.5673828,0.5517578,0.565918,0.5839844,0.6000977,0.5722656,0.550293,0.5737305,0.5830078,0.5737305,0.5722656,0.5776367,0.6235352,0.6123047,0.5478516,0.6157227,0.6318359,0.6069336,0.5761719,0.5805664,0.5976563,0.6054688,0.5966797,0.5927734,0.5839844,0.5791016,0.5712891,0.4423828,0.4555664,0,0,0,0,0
Action_11,ARX,0.8920898,0.8925781,0.8911133,0.9013672,0.8916016,0.9057617,0.9658203,0.9428711,0.8027344,0.6743164,0.6811523,0.7280273,0.6416016,0.5756836,0.5405273,0.5039063,0.1606445,-0.009765625,-0.1333008,-0.1538086,-0.2504883,-0.3232422,-0.3598633,-0.3632813,-0.3310547,-0.2666016,-0.2280273,-0.1557617,-0.128418,-0.06005859,0.1464844,0.331543,0.4272461,0.4301758,0.527832,0.4858398,0.5395508,0.5390625,0.4589844,0.3989258,0.2827148,0.6660156,0.9780273,0,0,0,0,0
Action_11,ARY,0.3833008,0.3813477,0.3925781,0.3920898,0.3837891,0.40625,0.4638672,0.3935547,0.5766602,0.6000977,0.5834961,0.5810547,0.699707,0.7270508,0.8369141,0.972168,0.8774414,0.7958984,0.7041016,0.7788086,0.7109375,0.7543945,0.7460938,0.7827148,0.7460938,0.7597656,0.7177734,0.7695313,0.824707,0.8125,0.8793945,0.8994141,0.8735352,0.7949219,0.7841797,0.7299805,0.7353516,0.7695313,0.7280273,0.6811523,0.5083008,0.6650391,0.5776367,0,0,0,0,0
Action_11,ARZ,0.06884766,0.06298828,0.06591797,0.06689453,0.05664063,0.0703125,0.07080078,0.1533203,0.2543945,0.2836914,0.2973633,0.3125,0.3359375,0.3823242,0.4082031,0.5727539,0.5268555,0.4936523,0.5170898,0.5332031,0.512207,0.4892578,0.5263672,0.5336914,0.5161133,0.5195313,0.5229492,0.5673828,0.5942383,0.5229492,0.546875,0.4892578,0.4902344,0.4916992,0.4785156,0.4624023,0.4584961,0.4575195,0.4335938,0.4594727,0.3164063,0.2709961,0.3056641,0,0,0,0,0
Action_11,EMG0L,-3,-5,-6,4,-2,1,16,-5,-17,-9,-15,-13,-15,-3,0,4,26,10,-16,-7,27,-15,7,-4,-1,10,-23,-20,-12,15,-36,6,2,-12,-23,32,2,-17,27,-1,4,-4,20,0,0,0,0,0
Action_11,EMG1L,5,-5,-14,-4,9,5,4,0,11,-8,-41,-10,44,12,-14,6,-14,2,4,-14,20,-3,25,3,-24,10,-5,-12,-26,5,12,6,-12,-14,-14,4,-2,2,-4,-6,9,6,10,0,0,0,0,0
Action_11,EMG2L,17,42,-39,-15,17,-8,10,-11,-12,-9,18,51,50,-16,-28,-15,8,25,1,-46,-54,-43,17,8,78,8,-17,-1,-17,-5,-34,-4,-11,0,-15,-14,-28,9,-51,6,34,2,44,0,0,0,0,0
Action_11,EMG3L,1,4,-1,-3,8,-3,14,-5,0,3,-10,13,-8,7,1,1,6,6,-2,-5,2,-8,-8,9,-8,0,-4,-3,-13,-7,-9,-2,-3,3,-2,-9,-4,2,-1,1,-5,0,1,0,0,0,0,0
Action_11,EMG4L,2,-3,0,-21,5,-3,33,-7,-6,9,-27,5,2,-5,-1,7,-6,8,2,-9,3,-3,-7,-9,-3,-14,-9,2,-8,-10,7,-11,-4,3,-2,-11,-7,3,-2,3,-4,-3,3,0,0,0,0,0
Action_11,EMG5L,0,-4,-2,-10,-4,15,-17,5,-2,-8,-26,-7,10,-3,-5,8,-21,9,10,-16,-3,-4,-14,-24,7,-31,-5,-6,9,-5,9,-3,-17,11,-5,-14,-8,7,-4,-5,-8,-5,8,0,0,0,0,0
Action_11,EMG6L,-13,-47,10,-27,-5,9,-5,-23,13,14,18,13,19,-33,-21,15,-73,36,10,-40,38,-43,-16,-86,32,-72,-37,9,3,-10,29,-55,28,-21,-13,-12,-19,17,1,3,6,6,18,0,0,0,0,0
Action_11,EMG7L,3,-15,2,1,-4,-1,0,4,15,3,-6,33,-18,19,-20,3,-24,4,-4,-61,10,-11,17,-30,19,-4,-47,12,-6,44,6,-28,-10,-6,3,10,-9,21,-1,14,-36,-8,16,0,0,0,0,0
Action_11,EMG0R,5,18,-23,18,1,-23,-18,-9,-12,8,25,-20,9,-14,17,-28,-13,-7,-7,-12,-7,-3,-10,-8,-4,5,7,1,-7,14,2,-8,3,10,-21,27,18,10,-12,-1,-4,-14,29,0,0,0,0,0
Action_11,EMG1R,0,0,-2,2,-1,-1,4,-12,-1,1,0,-2,-6,7,19,9,-6,11,-4,-3,-6,-7,-6,1,-4,-1,3,-2,-9,2,-4,9,-7,6,-6,3,-4,3,0,-11,-1,7,4,0,0,0,0,0
Action_11,EMG2R,1,0,-3,-1,-2,1,4,2,4,0,20,3,-8,6,17,14,-4,8,-3,-6,-7,-1,-3,4,-5,3,7,-5,-6,-4,-2,0,-2,4,7,7,-5,-1,1,-4,-1,4,0,0,0,0,0,0
Action_11,EMG3R,-1,4,-4,1,1,3,3,0,-3,11,0,0,3,5,5,10,-10,-3,0,2,-5,-1,9,9,-15,13,22,50,14,-24,-15,3,-23,7,38,18,-14,-2,0,-4,-1,-4,-1,0,0,0,0,0
Action_11,EMG4R,13,24,-9,-2,-8,10,-14,14,2,9,-11,3,6,5,23,11,-5,-8,-2,14,11,13,12,3,-47,18,8,-8,50,-22,-8,9,-4,-5,7,-7,-11,21,5,-4,-2,-4,-7,0,0,0,0,0
Action_11,EMG5R,4,-14,9,-1,8,-3,-17,1,-8,-5,-5,-6,-16,6,-27,-17,-24,4,3,10,18,15,2,16,-16,28,-4,-41,-1,3,10,-21,-1,7,7,-17,12,-16,-3,1,15,4,2,0,0,0,0,0
Action_11,EMG6R,-13,17,3,18,15,-9,-7,-17,-16,21,-15,-9,0,-11,5,-7,-42,-11,5,15,8,27,-33,10,11,-3,1,-51,24,3,32,9,-1,-3,-24,-62,-10,10,-6,1,15,10,-4,0,0,0,0,0
Action_11,EMG7R,-21,-5,-2,1,5,-8,-10,-10,1,5,-9,-3,3,7,52,15,-10,-22,10,10,-5,5,-28,17,-1,-12,3,-8,-1,4,9,-15,-2,24,-8,16,-3,15,-15,3,-1,3,2,0,0,0,0,0
Action_11,GLX,1.8125,2.0625,7,-1.1875,21.125,40.3125,29.5625,29.375,13.375,6.5625,-3.25,-4,-4.25,4.5,1.25,-2.8125,-1.1875,-4.1875,-1.625,2.25,4.5625,0.8125,-3.1875,0.8125,-0.125,-2.125,11.9375,12.875,1.25,-9.0625,-6.3125,3.0625,5.75,1.9375,-1.125,0.3125,0.3125,-2.5,0.5625,-3,-11.1875,-25.4375,-16.5625,0,0,0,0,0
Action_11,GLY,1.8125,2.0625,7,-1.1875,21.125,40.3125,29.5625,29.375,13.375,6.5625,-3.25,-4,-4.25,4.5,1.25,-2.8125,-1.1875,-4.1875,-1.625,2.25,4.5625,0.8125,-3.1875,0.8125,-0.125,-2.125,11.9375,12.875,1.25,-9.0625,-6.3125,3.0625,5.75,1.9375,-1.125,0.3125,0.3125,-2.5,0.5625,-3,-11.1875,-25.4375,-16.5625,0,0,0,0,0
Action_11,GLZ,1.8125,2.0625,7,-1.1875,21.125,40.3125,29.5625,29.375,13.375,6.5625,-3.25,-4,-4.25,4.5,1.25,-2.8125,-1.1875,-4.1875,-1.625,2.25,4.5625,0.8125,-3.1875,0.8125,-0.125,-2.125,11.9375,12.875,1.25,-9.0625,-6.3125,3.0625,5.75,1.9375,-1.125,0.3125,0.3125,-2.5,0.5625,-3,-11.1875,-25.4375,-16.5625,0,0,0,0,0
Action_11,GRX,-2.1875,-0.5625,1.3125,-1.625,-2.4375,-4.625,-89.125,-73.4375,-13.75,0.5,1,-31.125,-14.3125,-12.625,-6.5,-15.875,-10,-9,-18.3125,-12.75,-12.3125,-5.4375,-0.25,-6.4375,-6.8125,1.5625,10.75,-9.8125,-3,5.3125,13.875,10.3125,-0.5625,-3.6875,0.125,7.8125,-1.25,-2.3125,-1.1875,-1.375,6.5625,8.125,-1.5625,0,0,0,0,0
Action_11,GRY,-2.1875,-0.5625,1.3125,-1.625,-2.4375,-4.625,-89.125,-73.4375,-13.75,0.5,1,-31.125,-14.3125,-12.625,-6.5,-15.875,-10,-9,-18.3125,-12.75,-12.3125,-5.4375,-0.25,-6.4375,-6.8125,1.5625,10.75,-9.8125,-3,5.3125,13.875,10.3125,-0.5625,-3.6875,0.125,7.8125,-1.25,-2.3125,-1.1875,-1.375,6.5625,8.125,-1.5625,0,0,0,0,0
Action_11,GRZ,-2.1875,-0.5625,1.3125,-1.625,-2.4375,-4.625,-89.125,-73.4375,-13.75,0.5,1,-31.125,-14.3125,-12.625,-6.5,-15.875,-10,-9,-18.3125,-12.75,-12.3125,-5.4375,-0.25,-6.4375,-6.8125,1.5625,10.75,-9.8125,-3,5.3125,13.875,10.3125,-0.5625,-3.6875,0.125,7.8125,-1.25,-2.3125,-1.1875,-1.375,6.5625,8.125,-1.5625,0,0,0,0,0
Action_11,ORL,2.784952,2.783751,2.785425,2.806643,2.857478,3.035586,3.163817,3.293095,3.411233,3.461586,3.474585,3.46063,3.462834,3.468803,3.468268,3.464327,3.463481,3.458242,3.460228,3.465937,3.468631,3.466331,3.466692,3.471686,3.47312,3.471043,3.480578,3.503972,3.498556,3.478893,3.479216,3.488723,3.493708,3.497944,3.498017,3.497784,3.50087,3.502038,3.500297,3.494259,3.487807,3.392493,3.351259,0,0,0,0,0
Action_11,OPL,3.26585,3.261274,3.266426,3.278668,3.305975,3.425873,3.584332,3.802591,4.154595,4.399087,4.571601,4.669727,4.69628,4.719087,4.733061,4.741038,4.738371,4.715463,4.710258,4.717423,4.720477,4.718777,4.719467,4.72189,4.723568,4.724799,4.727487,4.753771,4.794662,4.806135,4.815954,4.83029,4.83903,4.846107,4.8491,4.853159,4.861252,4.872169,4.864329,4.851858,4.840689,4.659814,4.417589,0,0,0,0,0
Action_11,OYL,3.369576,3.377032,3.378918,3.36318,3.324936,3.211952,3.113237,3.010299,2.863103,2.790823,2.742982,2.713784,2.709491,2.705554,2.697002,2.693856,2.693542,2.682212,2.664719,2.654721,2.655915,2.659505,2.661177,2.657427,2.653192,2.641581,2.642019,2.653586,2.676687,2.692573,2.696757,2.687793,2.673668,2.659449,2.65533,2.652074,2.651041,2.652289,2.65622,2.662959,2.673133,2.736698,2.783607,0,0,0,0,0
Action_11,ORR,7.243233,7.24369,7.243967,7.243264,7.238663,7.225059,7.112249,6.927357,6.828362,6.797338,6.804782,6.780038,6.744678,6.726443,6.718809,6.684407,6.652585,6.633312,6.600652,6.583015,6.554669,6.543214,6.541834,6.510261,6.498888,6.509993,6.539085,6.544281,6.540376,6.547452,6.585266,6.616319,6.637416,6.634732,6.635942,6.644986,6.64851,6.645411,6.644986,6.649813,6.659002,6.741845,6.773988,0,0,0,0,0
Action_11,OPR,3.144008,3.14322,3.142359,3.143046,3.14665,3.154785,3.195971,3.277957,3.413827,3.612425,3.728858,3.816241,3.92104,4.000511,4.099439,4.31837,4.587333,4.881265,5.216877,5.39279,5.508477,5.58099,5.596831,5.612517,5.602312,5.557009,5.394111,5.214143,5.043653,4.859563,4.623229,4.467803,4.320342,4.243207,4.186179,4.150257,4.125585,4.121899,4.142863,4.141827,4.075747,3.830785,3.637761,0,0,0,0,0
Action_11,OYR,9.956676,9.954789,9.955606,9.956008,9.957623,9.968061,9.984957,0.0217351,0.07984479,0.1100994,0.1047501,0.08569147,0.05660368,0.05249979,0.05061726,0.05284767,0.0768114,0.1223934,0.1865095,0.2133892,0.2268357,0.2494602,0.2603097,0.2517548,0.2564434,0.2853332,0.3866048,0.4608758,0.5120147,0.5523155,0.5777598,0.5623246,0.5331379,0.5161949,0.501895,0.5022842,0.5049668,0.5023801,0.4920536,0.4782959,0.4600707,0.4149539,0.3638453,0,0,0,0,0
Action_12,ALX,0.9077148,0.9204102,0.9057617,0.9106445,0.9086914,0.9165039,1.036621,1.088379,0.8310547,0.53125,0.375,0.2543945,0.2836914,0.328125,0.2119141,0.1435547,0.1425781,0.1879883,0.2021484,0.1513672,0.1552734,0.159668,0.1328125,0.1171875,0.1381836,0.1508789,0.1362305,0.1079102,0.1015625,0.1416016,0.1264648,0.1201172,0.1098633,0.109375,0.1147461,0.08886719,0.1137695,0.09863281,0.1074219,0.1020508,0.2021484,0.4882813,0.5942383,0.6499023,0,0,0,0
Action_12,ALY,-0.3911133,-0.3959961,-0.390625,-0.3964844,-0.4145508,-0.4067383,-0.425293,-0.4614258,-0.6958008,-0.6772461,-0.6923828,-0.6962891,-0.7373047,-0.7568359,-0.793457,-0.7744141,-0.7397461,-0.7651367,-0.7685547,-0.8305664,-0.8300781,-0.8305664,-0.7880859,-0.8149414,-0.8154297,-0.828125,-0.8232422,-0.8330078,-0.8261719,-0.8056641,-0.7836914,-0.815918,-0.8564453,-0.8310547,-0.8120117,-0.7983398,-0.7944336,-0.8110352,-0.7978516,-0.7119141,-0.6855469,-0.7246094,-0.7275391,-0.6655273,0,0,0,0
Action_12,ALZ,0.1025391,0.09472656,0.09326172,0.1103516,0.1049805,0.1000977,0.003417969,0.1987305,0.4477539,0.4414063,0.5117188,0.5146484,0.5361328,0.6303711,0.640625,0.5712891,0.550293,0.5805664,0.5952148,0.6015625,0.5834961,0.6049805,0.6425781,0.5771484,0.5717773,0.5766602,0.5917969,0.5668945,0.5722656,0.6206055,0.625,0.581543,0.5844727,0.5834961,0.5927734,0.5854492,0.6010742,0.5834961,0.581543,0.4360352,0.4335938,0.4926758,0.5219727,0.3461914,0,0,0,0
Action_12,ARX,0.8901367,0.8891602,0.8891602,0.8950195,0.8891602,0.8920898,0.8930664,0.9160156,0.8881836,0.8535156,0.8710938,0.8745117,0.8496094,0.746582,0.5996094,0.4536133,0.1992188,-0.01660156,-0.1782227,-0.2700195,-0.3032227,-0.3598633,-0.3232422,-0.387207,-0.315918,-0.1816406,-0.2094727,-0.2568359,-0.1962891,-0.1933594,0.0546875,0.4169922,0.5961914,0.7246094,0.6123047,0.6914063,0.6811523,0.6108398,0.5834961,0.5615234,0.6142578,0.8041992,0.887207,0.8691406,0,0,0,0
Action_12,ARY,0.3837891,0.3881836,0.3803711,0.390625,0.3876953,0.3847656,0.3955078,0.4145508,0.4145508,0.4951172,0.4975586,0.5073242,0.546875,0.7255859,0.871582,0.8935547,0.8486328,0.8027344,0.7641602,0.7509766,0.7416992,0.7045898,0.769043,0.7641602,0.7895508,0.7910156,0.9023438,0.7280273,0.7348633,0.8149414,0.8876953,0.9052734,0.800293,0.8833008,0.7558594,0.6728516,0.7426758,0.6625977,0.6464844,0.6103516,0.6264648,0.6030273,0.5214844,0.4892578,0,0,0,0
Action_12,ARZ,0.09375,0.08300781,0.09716797,0.08251953,0.08007813,0.08837891,0.08056641,0.05859375,0.1088867,0.1425781,0.1713867,0.1801758,0.2211914,0.3081055,0.3432617,0.4428711,0.4638672,0.4482422,0.4633789,0.4936523,0.4960938,0.4453125,0.4624023,0.5073242,0.5415039,0.5498047,0.5400391,0.5395508,0.4760742,0.4121094,0.4350586,0.4746094,0.503418,0.4150391,0.3623047,0.3037109,0.34375,0.3515625,0.3144531,0.3266602,0.2382813,0.2944336,0.2075195,0.1318359,0,0,0,0
Action_12,EMG0L,9,-3,-1,2,-6,-2,12,-7,-7,-4,3,3,6,-4,9,-11,-1,10,-9,-5,7,-31,-2,41,21,-10,23,25,-4,-22,34,26,-2,-16,2,4,-46,-52,14,0,1,1,-3,3,0,0,0,0
Action_12,EMG1L,-9,3,1,-8,0,-3,3,-14,-17,-6,2,12,-4,-1,-5,1,-5,-10,7,-10,3,3,3,5,-1,0,-2,-7,-35,-6,6,-1,6,-7,-10,-2,-13,-12,4,6,0,1,0,0,0,0,0,0
Action_12,EMG2L,-5,1,-3,-1,-2,-1,17,-10,-10,-32,-1,25,17,66,-34,-37,25,-31,26,19,-30,-2,10,-69,-11,61,-55,6,-36,17,18,-40,41,4,-80,16,1,-43,47,-5,-5,-1,-5,1,0,0,0,0
Action_12,EMG3L,-2,-1,0,-1,0,3,-2,-12,-3,-4,2,-1,-8,3,2,-1,3,-5,-1,0,-3,-12,2,1,-4,8,4,5,-2,20,-5,-8,4,2,5,17,-5,-7,-3,0,2,2,-1,-1,0,0,0,0
Action_12,EMG4L,0,-1,-2,0,1,-2,4,-15,-10,-1,11,1,-1,-6,2,7,-2,0,-6,2,-7,-26,-2,2,0,3,-3,7,-4,8,-4,-2,2,3,-3,5,-3,-9,1,0,3,-1,0,0,0,0,0,0
Action_12,EMG5L,1,-1,-4,1,0,-4,-9,-27,-12,-3,19,0,5,-9,11,10,1,6,-11,9,-8,-11,-6,-13,-11,10,1,14,-2,-12,5,-2,4,-4,-3,7,3,-4,2,4,1,0,1,3,0,0,0,0
Action_12,EMG6L,15,21,0,-8,-8,10,-8,-13,-48,-11,18,40,4,-17,53,28,2,17,28,25,-28,15,12,3,18,13,-54,9,35,35,18,41,-4,0,8,24,4,-47,-10,12,24,9,36,19,0,0,0,0
Action_12,EMG7L,-4,0,-5,-2,0,-3,3,-10,-18,-5,11,5,47,-9,24,30,11,9,-10,17,1,9,20,48,22,31,2,-24,18,-14,21,21,-8,-32,17,-6,-18,-29,2,17,5,6,5,4,0,0,0,0
Action_12,EMG0R,-8,4,-41,22,8,-6,-17,18,9,5,-8,-26,3,-2,16,-2,13,9,13,-34,28,-15,1,-11,-24,24,-1,4,-15,12,-10,13,16,32,-10,8,10,1,6,-4,-6,3,10,3,0,0,0,0
Action_12,EMG1R,-4,-1,-6,3,0,-3,3,1,0,1,6,10,-3,-6,10,-1,3,2,7,-10,2,-6,3,2,9,3,2,1,-4,2,-8,-2,7,7,-2,-1,3,2,0,1,1,-1,0,-5,0,0,0,0
Action_12,EMG2R,0,0,-3,1,-1,0,2,-4,-2,-3,2,5,-2,9,9,6,-2,-1,7,-9,-4,-8,-5,-6,10,3,1,-1,0,1,-10,1,2,5,-2,-1,2,2,-2,2,1,0,0,-5,0,0,0,0
Action_12,EMG3R,-2,2,-4,1,-8,-3,5,0,-1,-2,0,10,-5,2,-2,6,-1,-7,-1,-12,-16,8,1,18,3,-10,-15,6,-1,5,-10,26,19,13,0,0,-2,-1,1,-1,1,0,0,-3,0,0,0,0
Action_12,EMG4R,-24,-1,2,5,7,-3,3,8,3,-10,18,2,-14,-4,-5,13,-9,-12,-13,-13,-21,34,-5,34,-10,-15,9,5,0,19,-10,4,8,14,3,9,4,-10,-5,-4,3,1,8,-3,0,0,0,0
Action_12,EMG5R,12,-5,-3,9,4,-6,1,4,-9,-19,-2,-10,11,-17,-3,-12,-5,7,5,-3,26,7,20,16,-10,-2,-8,-21,1,2,-33,-1,-5,-12,-9,-6,-15,0,5,2,-6,5,7,-2,0,0,0,0
Action_12,EMG6R,-1,7,-5,15,-6,9,1,16,-18,10,-14,5,4,-1,-16,-11,0,-22,-25,0,19,-9,17,8,-9,0,-15,-2,5,3,8,-2,-9,10,-2,0,-20,-17,0,-3,-5,2,-1,-7,0,0,0,0
Action_12,EMG7R,0,-1,-1,-4,0,-3,3,3,-10,3,2,3,2,1,1,-3,-13,-5,6,-3,21,1,3,-5,-6,11,-1,6,-13,20,-11,-5,2,20,21,7,-12,-6,-4,1,2,4,-1,0,0,0,0,0
Action_12,GLX,-2.75,1.4375,-4.3125,-12.125,-6,-3.9375,52.9375,0.4375,-4.75,9.0625,20.875,7.1875,-14.4375,-6.5625,1.5,-8.3125,-7.3125,-9.9375,-5.375,2.125,3.0625,4.3125,3.375,-2.0625,-4.375,-2.75,-7.0625,1.9375,0,-4.125,-0.3125,5.125,2.25,-1.6875,-2,-2.0625,0.6875,1.75,-2.0625,-31.9375,-44.3125,-18.8125,-20.4375,13.9375,0,0,0,0
Action_12,GLY,-2.75,1.4375,-4.3125,-12.125,-6,-3.9375,52.9375,0.4375,-4.75,9.0625,20.875,7.1875,-14.4375,-6.5625,1.5,-8.3125,-7.3125,-9.9375,-5.375,2.125,3.0625,4.3125,3.375,-2.0625,-4.375,-2.75,-7.0625,1.9375,0,-4.125,-0.3125,5.125,2.25,-1.6875,-2,-2.0625,0.6875,1.75,-2.0625,-31.9375,-44.3125,-18.8125,-20.4375,13.9375,0,0,0,0
Action_12,GLZ,-2.75,1.4375,-4.3125,-12.125,-6,-3.9375,52.9375,0.4375,-4.75,9.0625,20.875,7.1875,-14.4375,-6.5625,1.5,-8.3125,-7.3125,-9.9375,-5.375,2.125,3.0625,4.3125,3.375,-2.0625,-4.375,-2.75,-7.0625,1.9375,0,-4.125,-0.3125,5.125,2.25,-1.6875,-2,-2.0625,0.6875,1.75,-2.0625,-31.9375,-44.3125,-18.8125,-20.4375,13.9375,0,0,0,0
Action_12,GRX,1.4375,-0.3125,-0.1875,-1.875,-0.0625,-1.0625,-10.25,-17.125,-15.6875,-15.5625,-20.5625,-16.3125,-13.75,6.5,16.5625,-16.625,-21.5,-28.375,-35.8125,-18.1875,-18.625,-5.3125,3.6875,-11.0625,-16.8125,-19.75,-31.4375,-38.6875,9.625,25.6875,16.0625,24.1875,9.1875,-0.6875,10.6875,-12.5625,4.625,4,1.125,10.375,-8.25,-8.6875,-33.6875,-7.3125,0,0,0,0
Action_12,GRY,1.4375,-0.3125,-0.1875,-1.875,-0.0625,-1.0625,-10.25,-17.125,-15.6875,-15.5625,-20.5625,-16.3125,-13.75,6.5,16.5625,-16.625,-21.5,-28.375,-35.8125,-18.1875,-18.625,-5.3125,3.6875,-11.0625,-16.8125,-19.75,-31.4375,-38.6875,9.625,25.6875,16.0625,24.1875,9.1875,-0.6875,10.6875,-12.5625,4.625,4,1.125,10.375,-8.25,-8.6875,-33.6875,-7.3125,0,0,0,0
Action_12,GRZ,1.4375,-0.3125,-0.1875,-1.875,-0.0625,-1.0625,-10.25,-17.125,-15.6875,-15.5625,-20.5625,-16.3125,-13.75,6.5,16.5625,-16.625,-21.5,-28.375,-35.8125,-18.1875,-18.625,-5.3125,3.6875,-11.0625,-16.8125,-19.75,-31.4375,-38.6875,9.625,25.6875,16.0625,24.1875,9.1875,-0.6875,10.6875,-12.5625,4.625,4,1.125,10.375,-8.25,-8.6875,-33.6875,-7.3125,0,0,0,0
Action_12,ORL,2.880325,2.877647,2.881201,2.884581,2.888218,2.900687,2.991183,3.169059,3.310501,3.412781,3.526698,3.554878,3.535062,3.527543,3.530232,3.520012,3.514534,3.504496,3.499792,3.501075,3.506684,3.509469,3.51739,3.513595,3.508043,3.499923,3.493807,3.484605,3.480005,3.481355,3.484745,3.493749,3.499372,3.498985,3.493632,3.491962,3.490954,3.489629,3.484941,3.4451,3.373121,3.315057,3.263528,3.214282,0,0,0,0
Action_12,OPL,3.161627,3.165733,3.170389,3.174991,3.179865,3.184365,3.226828,3.340863,3.568403,3.840191,4.244821,4.43786,4.557214,4.640012,4.677631,4.739858,4.764458,4.763285,4.75137,4.726622,4.731225,4.737163,4.745779,4.761923,4.770133,4.768784,4.768074,4.797711,4.812575,4.821736,4.829907,4.831241,4.828964,4.828681,4.829824,4.832339,4.818751,4.808954,4.796696,4.748543,4.584995,4.308402,4.045016,3.729762,0,0,0,0
Action_12,OYL,3.319913,3.322475,3.315088,3.294408,3.273582,3.256377,3.20201,3.050639,2.864434,2.735792,2.632891,2.613707,2.614145,2.605452,2.596081,2.578045,2.577343,2.578327,2.576069,2.556792,2.558039,2.561654,2.558912,2.556114,2.553526,2.552167,2.551066,2.572569,2.586921,2.593356,2.584175,2.565551,2.553848,2.547553,2.549905,2.560483,2.572984,2.581987,2.588837,2.617373,2.640047,2.656992,2.713691,2.821708,0,0,0,0
Action_12,ORR,7.141184,7.143975,7.141843,7.139529,7.138726,7.135475,7.130786,7.115028,7.06408,7.01546,6.959977,6.930789,6.893561,6.84153,6.852112,6.841542,6.807889,6.761732,6.708867,6.660863,6.628036,6.611093,6.626795,6.624414,6.607533,6.590723,6.57683,6.515939,6.513656,6.560592,6.601985,6.660268,6.695028,6.744124,6.767839,6.782282,6.797236,6.798059,6.804383,6.814784,6.841511,6.85762,6.873841,6.931908,0,0,0,0
Action_12,OPR,3.153565,3.154022,3.157636,3.161394,3.161404,3.162929,3.164617,3.171754,3.193015,3.241095,3.336148,3.424667,3.536052,3.752888,3.975718,4.350626,4.678877,4.99927,5.271853,5.522248,5.631874,5.69206,5.677081,5.632094,5.573267,5.500019,5.403804,5.282508,5.054483,4.830632,4.580477,4.277376,4.100923,3.964488,3.878391,3.836934,3.829009,3.844855,3.84983,3.825371,3.714246,3.597308,3.487671,3.36206,0,0,0,0
Action_12,OYR,0.005524464,0.004171209,0.004453924,0.004987508,0.005419347,0.006410541,0.0009599356,9.995442,0.01950363,0.0486461,0.05568089,0.06133012,0.07909533,0.1182918,0.1364799,0.1416949,0.1458297,0.1553717,0.1700282,0.1817635,0.1839619,0.1890462,0.2163943,0.2494785,0.2742485,0.3197578,0.4014497,0.5035012,0.6138691,0.668018,0.6592842,0.608866,0.5705515,0.5339456,0.5011063,0.4692271,0.4463092,0.4476061,0.4427871,0.4350946,0.4136143,0.3662104,0.294282,0.1861858,0,0,0,0
Action_13,ALX,0.6850586,0.6313477,0.5874023,0.3022461,0.2631836,0.1958008,0.1616211,0.1362305,0.06689453,0.1015625,0.1542969,0.1450195,0.09179688,0.1230469,0.1513672,0.1845703,0.140625,0.1005859,0.1225586,0.1298828,0.1606445,0.1455078,0.1381836,0.1459961,0.1625977,0.1801758,0.1069336,0.09863281,0.1035156,0.1201172,0.1054688,0.1298828,0.1142578,0.09863281,0.1064453,0.1108398,0.2373047,0.2124023,0.296875,0.465332,0.8916016,0.9858398,0.8051758,0.8208008,0,0,0,0
Action_13,ALY,-0.6450195,-0.7026367,-0.7475586,-0.7324219,-0.7719727,-0.7211914,-0.8061523,-0.8266602,-0.8266602,-0.7885742,-0.8198242,-0.8081055,-0.8549805,-0.8510742,-0.8427734,-0.8256836,-0.828125,-0.8691406,-0.8510742,-0.8295898,-0.8320313,-0.8110352,-0.8520508,-0.8808594,-0.8388672,-0.8164063,-0.7973633,-0.8364258,-0.8603516,-0.8481445,-0.8447266,-0.8154297,-0.8295898,-0.840332,-0.8413086,-0.7646484,-0.7724609,-0.7705078,-0.8676758,-0.7446289,-0.6079102,-0.4589844,-0.7143555,-0.4755859,0,0,0,0
Action_13,ALZ,0.3837891,0.421875,0.4638672,0.4946289,0.5732422,0.5527344,0.5517578,0.5390625,0.565918,0.559082,0.5512695,0.5639648,0.5673828,0.5761719,0.5693359,0.5620117,0.5961914,0.5429688,0.5292969,0.5537109,0.5722656,0.5629883,0.5698242,0.5615234,0.5454102,0.5942383,0.5791016,0.5708008,0.5771484,0.5683594,0.5639648,0.5532227,0.5625,0.5595703,0.5541992,0.4892578,0.4775391,0.5063477,0.4501953,0.3916016,0.2802734,0.2768555,0.2568359,0.1918945,0,0,0,0
Action_13,ARX,0.8613281,0.8701172,0.8632813,0.8574219,0.921875,0.7939453,0.5874023,0.4492188,0.40625,0.4101563,0.2045898,-0.08447266,-0.1416016,-0.1279297,-0.2099609,-0.3198242,-0.3554688,-0.3950195,-0.3486328,-0.3642578,-0.3710938,-0.2055664,-0.2314453,-0.2021484,-0.2392578,-0.05761719,0.1689453,0.378418,0.4941406,0.5283203,0.6484375,0.5751953,0.5263672,0.5341797,0.4858398,0.4882813,0.40625,0.6069336,0.6386719,0.7568359,0.9111328,0.9370117,0.8706055,0.8999023,0,0,0,0
Action_13,ARY,0.434082,0.4379883,0.4511719,0.4960938,0.5327148,0.625,0.7626953,0.7583008,0.777832,0.8300781,0.9277344,0.8208008,0.737793,0.7602539,0.7529297,0.7695313,0.7700195,0.7373047,0.7421875,0.8139648,0.7807617,0.7568359,0.7177734,0.7470703,0.847168,0.6787109,0.7753906,0.9555664,0.815918,0.7900391,0.8183594,0.7807617,0.7412109,0.7436523,0.7260742,0.6845703,0.6357422,0.7680664,0.5644531,0.644043,0.5219727,0.4067383,0.456543,0.3657227,0,0,0,0
Action_13,ARZ,0.1547852,0.1445313,0.1542969,0.1884766,0.2519531,0.4116211,0.4067383,0.4003906,0.4296875,0.4985352,0.5327148,0.5029297,0.5239258,0.546875,0.5566406,0.5175781,0.4829102,0.5087891,0.5947266,0.5874023,0.5458984,0.5810547,0.5605469,0.5556641,0.5585938,0.4873047,0.5537109,0.5019531,0.4702148,0.4536133,0.4282227,0.4262695,0.4160156,0.3896484,0.4111328,0.3925781,0.3789063,0.2939453,0.3256836,0.3178711,0.1855469,0.175293,0.1342773,0.1362305,0,0,0,0
Action_13,EMG0L,-9,2,-18,6,9,-5,2,-34,4,24,4,-6,-8,-8,3,10,-11,13,-16,-24,-4,-1,17,-11,11,32,-5,-5,-39,3,-12,-13,-7,32,22,14,0,-11,-6,18,0,-12,4,4,0,0,0,0
Action_13,EMG1L,2,13,-5,-16,-3,-4,12,-4,3,16,-1,-5,-7,4,1,-12,0,17,10,-20,15,-5,0,-22,1,3,10,3,-27,-1,5,-7,-4,20,-1,3,-3,-7,-1,4,-4,-3,0,1,0,0,0,0
Action_13,EMG2L,-1,14,19,-13,49,4,-11,-26,-58,-3,0,-33,5,-20,-50,-51,-15,-17,-20,-6,6,-38,1,-31,48,-58,-83,-41,50,-14,15,-47,11,86,-19,4,-3,1,1,0,-4,-3,0,1,0,0,0,0
Action_13,EMG3L,3,-25,0,-20,-8,0,-13,-12,-7,2,-28,-7,-8,-13,11,6,1,5,-16,3,6,8,5,-5,-5,9,0,-2,-18,-2,6,-7,-3,11,-2,1,4,-1,-6,-2,-7,0,-1,0,0,0,0,0
Action_13,EMG4L,6,-12,0,-22,-4,3,0,2,0,-5,-6,-9,-9,-5,2,5,12,-3,6,-6,5,17,-6,-5,-14,12,-3,7,-17,4,18,-4,-6,-1,4,-3,1,0,-3,0,-10,1,0,2,0,0,0,0
Action_13,EMG5L,19,-9,-4,-42,0,16,12,8,0,-12,14,3,-8,-15,-5,29,6,0,4,-5,-5,9,-18,2,-21,10,-10,21,-19,6,-7,6,2,8,15,-4,-7,2,3,2,-17,2,-1,6,0,0,0,0
Action_13,EMG6L,-2,-48,-15,-26,-67,-13,41,5,93,69,-24,-104,34,-102,43,-13,-19,-14,-57,43,-12,-20,-46,-2,-5,-17,5,-22,-27,-7,-63,5,35,23,7,-18,-46,21,2,-3,-63,-42,-3,37,0,0,0,0
Action_13,EMG7L,-61,7,-25,4,-18,23,1,-8,-14,18,-16,-5,-2,-13,36,2,-71,-38,-12,-43,9,-6,-42,-43,-8,8,-44,-8,-44,8,-2,-4,-17,19,10,-1,-13,10,-6,-12,-24,-17,0,4,0,0,0,0
Action_13,EMG0R,-7,2,3,-13,-2,4,4,-5,7,-14,13,-3,-15,18,12,29,-5,7,-12,-1,7,-9,6,-1,-5,10,-6,3,0,-24,12,18,-29,22,-50,8,20,-1,12,3,-15,2,-3,10,0,0,0,0
Action_13,EMG1R,-1,-3,-3,-2,-2,1,-7,5,-7,-1,-5,-3,-11,2,4,4,-11,-3,6,2,6,-5,12,3,4,5,0,-2,-2,3,3,-2,-5,-6,-8,4,0,-1,2,5,2,1,0,3,0,0,0,0
Action_13,EMG2R,-2,0,-4,-2,-4,6,-3,2,5,5,-3,0,-9,2,9,8,-5,-3,-2,-5,7,-3,15,0,7,0,-2,4,-6,4,0,-2,0,-9,-5,2,0,0,-2,1,-1,1,0,0,0,0,0,0
Action_13,EMG3R,-3,-1,-5,-1,-4,-3,3,12,-3,7,-6,-1,-9,9,11,3,-9,10,12,-1,1,-10,4,-11,-9,-12,-1,28,8,10,-8,-3,-4,-5,-6,0,-3,-1,0,-2,-1,1,0,1,0,0,0,0
Action_13,EMG4R,-3,-2,-12,3,-3,16,-7,-1,-10,1,-15,-4,-26,11,7,7,-20,16,20,-10,5,-52,36,-12,50,-16,11,16,12,8,-1,-3,-2,7,-1,12,4,-3,-1,1,-10,2,-3,-2,0,0,0,0
Action_13,EMG5R,9,-5,-5,9,7,0,-13,9,-4,12,-3,-1,-10,-1,9,19,-47,18,-1,-27,-58,4,40,8,30,-12,-5,-29,3,16,-33,12,1,2,0,6,-1,-3,-1,-27,12,-6,-11,-6,0,0,0,0
Action_13,EMG6R,6,-12,2,0,0,0,4,3,-5,9,7,-3,14,-8,-7,-4,8,0,-15,3,-3,-9,13,14,-15,16,-16,-12,3,10,7,-25,-3,22,12,-2,19,-17,0,-4,4,1,-7,-6,0,0,0,0
Action_13,EMG7R,-3,-4,5,-7,1,2,-13,3,3,2,13,-9,-11,1,4,0,4,8,-3,0,7,-7,4,2,-6,6,-23,11,-17,-7,12,8,-9,15,-7,10,-6,4,0,6,-5,-6,-1,3,0,0,0,0
Action_13,GLX,13.5625,16.4375,18.5625,8.4375,-4.3125,0.8125,-7.375,-4.4375,-4.125,-6,-7.5,1.6875,-2.875,-4.25,0.25,7.1875,5.375,0.6875,-5.4375,-3.6875,-1.625,0.0625,0.75,-2.4375,-5.25,-3.375,0.875,5.75,1.25,-0.8125,-1.625,-3.4375,-3.625,0.125,-1.875,-8.375,-15.5625,-22.5625,-11.8125,-7.125,-12.625,16.25,-38.125,47.125,0,0,0,0
Action_13,GLY,13.5625,16.4375,18.5625,8.4375,-4.3125,0.8125,-7.375,-4.4375,-4.125,-6,-7.5,1.6875,-2.875,-4.25,0.25,7.1875,5.375,0.6875,-5.4375,-3.6875,-1.625,0.0625,0.75,-2.4375,-5.25,-3.375,0.875,5.75,1.25,-0.8125,-1.625,-3.4375,-3.625,0.125,-1.875,-8.375,-15.5625,-22.5625,-11.8125,-7.125,-12.625,16.25,-38.125,47.125,0,0,0,0
Action_13,GLZ,13.5625,16.4375,18.5625,8.4375,-4.3125,0.8125,-7.375,-4.4375,-4.125,-6,-7.5,1.6875,-2.875,-4.25,0.25,7.1875,5.375,0.6875,-5.4375,-3.6875,-1.625,0.0625,0.75,-2.4375,-5.25,-3.375,0.875,5.75,1.25,-0.8125,-1.625,-3.4375,-3.625,0.125,-1.875,-8.375,-15.5625,-22.5625,-11.8125,-7.125,-12.625,16.25,-38.125,47.125,0,0,0,0
Action_13,GRX,-8.875,-7.25,-21.25,-5.875,-23.625,-34.125,-16.875,3.625,16.5,5,0.1875,-18.375,-4.5625,-0.4375,-24.5625,-30.625,-10.3125,2.5,4.5,-11.0625,-5.9375,-13.125,-11.3125,-27.25,-13.1875,22.3125,16.625,20.375,31.875,0.1875,2.8125,-1.375,-2.8125,-9.4375,-5.875,-2.5625,7.875,11.5,11.875,-36.6875,-42.3125,-34.0625,3.3125,-2.8125,0,0,0,0
Action_13,GRY,-8.875,-7.25,-21.25,-5.875,-23.625,-34.125,-16.875,3.625,16.5,5,0.1875,-18.375,-4.5625,-0.4375,-24.5625,-30.625,-10.3125,2.5,4.5,-11.0625,-5.9375,-13.125,-11.3125,-27.25,-13.1875,22.3125,16.625,20.375,31.875,0.1875,2.8125,-1.375,-2.8125,-9.4375,-5.875,-2.5625,7.875,11.5,11.875,-36.6875,-42.3125,-34.0625,3.3125,-2.8125,0,0,0,0
Action_13,GRZ,-8.875,-7.25,-21.25,-5.875,-23.625,-34.125,-16.875,3.625,16.5,5,0.1875,-18.375,-4.5625,-0.4375,-24.5625,-30.625,-10.3125,2.5,4.5,-11.0625,-5.9375,-13.125,-11.3125,-27.25,-13.1875,22.3125,16.625,20.375,31.875,0.1875,2.8125,-1.375,-2.8125,-9.4375,-5.875,-2.5625,7.875,11.5,11.875,-36.6875,-42.3125,-34.0625,3.3125,-2.8125,0,0,0,0
Action_13,ORL,3.331238,3.371779,3.41206,3.464122,3.462975,3.470862,3.458858,3.449973,3.448518,3.441959,3.429718,3.43291,3.43192,3.428241,3.432785,3.441495,3.4561,3.455333,3.451105,3.443732,3.437468,3.442158,3.441938,3.438173,3.431702,3.429659,3.436114,3.444195,3.445758,3.446867,3.445235,3.4427,3.440959,3.439849,3.435175,3.425569,3.394289,3.370894,3.315951,3.231674,3.179449,3.180537,3.087571,3.068494,0,0,0,0
Action_13,OPL,3.81594,3.989693,4.159362,4.458786,4.589889,4.678061,4.74567,4.785654,4.8341,4.85387,4.845159,4.831728,4.796884,4.786889,4.78174,4.775498,4.764541,4.777537,4.782817,4.780121,4.772886,4.762318,4.757231,4.771788,4.799348,4.806133,4.812955,4.816229,4.818989,4.822613,4.83222,4.829088,4.827438,4.819241,4.819022,4.805739,4.734773,4.607846,4.4205,4.025036,3.761933,3.50247,3.376003,3.270194,0,0,0,0
Action_13,OYL,2.72364,2.699508,2.678983,2.638619,2.627891,2.623955,2.622128,2.625406,2.626408,2.620942,2.612961,2.609674,2.597813,2.585023,2.576706,2.571021,2.561933,2.561137,2.559519,2.552342,2.547824,2.542005,2.535669,2.539453,2.55741,2.562898,2.562276,2.555933,2.546138,2.538547,2.538136,2.539711,2.539354,2.53623,2.537946,2.549432,2.563995,2.580579,2.595307,2.649401,2.734289,2.797702,2.825366,2.90269,0,0,0,0
Action_13,ORR,6.956351,6.92701,6.87986,6.851254,6.793452,6.658006,6.622662,6.618286,6.662414,6.669876,6.666606,6.640788,6.626634,6.624415,6.571378,6.525063,6.505719,6.510361,6.516704,6.516374,6.501544,6.488964,6.491495,6.48116,6.479257,6.484806,6.537749,6.612119,6.654647,6.687419,6.717216,6.717429,6.713123,6.703992,6.694901,6.691909,6.698005,6.762558,6.776446,6.813524,6.832198,6.85641,6.941459,6.986639,0,0,0,0
Action_13,OPR,3.269869,3.299765,3.347306,3.391867,3.456299,3.647533,3.853835,4.063688,4.303811,4.403302,4.646716,4.967115,5.188837,5.356502,5.501867,5.574,5.611823,5.615314,5.587875,5.561579,5.554647,5.510401,5.427685,5.284822,5.07409,4.884473,4.631192,4.443778,4.285155,4.167891,4.065207,4.04966,4.061581,4.083047,4.098931,4.086501,4.043798,3.932559,3.801447,3.615973,3.474929,3.354506,3.232149,3.167026,0,0,0,0
Action_13,OYR,0.005844052,0.02561621,0.03835334,0.0546572,0.09447841,0.1537694,0.1570368,0.1525684,0.1526806,0.1566628,0.1543996,0.1518567,0.1635568,0.1719876,0.1744494,0.1771751,0.1947746,0.2224881,0.2335915,0.2411844,0.2442973,0.2892299,0.383824,0.4955983,0.602069,0.6381795,0.6292343,0.6039863,0.5768574,0.5473624,0.5192388,0.5138586,0.5108926,0.4973553,0.4902718,0.4905412,0.4690321,0.4277662,0.4058687,0.3429647,0.228203,0.121442,0.02047708,9.961725,0,0,0,0
Action_14,ALX,0.894043,0.9008789,0.9233398,0.8754883,0.8862305,0.9365234,0.8212891,0.4414063,0.2290039,0.1762695,0.175293,0.1157227,0.07666016,0.09130859,0.1235352,0.09619141,0.2553711,0.04150391,0.009765625,0.07861328,0.09277344,0.1064453,0.1069336,0.08691406,0.07617188,0.09130859,0.08984375,0.1015625,0.08154297,0.06591797,0.04833984,0.06640625,0.078125,0.08544922,0.05419922,0.05371094,0.05712891,0.06103516,0.06298828,0.05126953,0.05615234,0.1625977,0.1137695,0.4121094,0,0,0,0
Action_14,ALY,-0.4213867,-0.4282227,-0.4628906,-0.5253906,-0.5356445,-0.6323242,-0.7680664,-0.7924805,-0.7304688,-0.7592773,-0.7866211,-0.7768555,-0.7939453,-0.8671875,-0.8930664,-0.9458008,-0.5996094,-0.5483398,-0.7592773,-0.9555664,-0.9067383,-0.8964844,-0.8891602,-0.8823242,-0.8989258,-0.894043,-0.8847656,-0.8955078,-0.902832,-0.9038086,-0.8725586,-0.8808594,-0.8901367,-0.9042969,-0.8793945,-0.8701172,-0.8789063,-0.8833008,-0.8847656,-0.8852539,-0.8442383,-0.6508789,-0.6157227,-0.9174805,0,0,0,0
Action_14,ALZ,0.1015625,0.09814453,0.1015625,0.1396484,0.1801758,0.2304688,0.4243164,0.4682617,0.4560547,0.4882813,0.4672852,0.4941406,0.512207,0.5141602,0.5107422,0.6108398,0.3652344,0.4331055,0.4960938,0.5107422,0.487793,0.4765625,0.487793,0.4785156,0.4848633,0.4970703,0.4667969,0.4995117,0.5009766,0.4931641,0.4799805,0.4936523,0.5014648,0.4897461,0.4882813,0.4858398,0.4946289,0.4951172,0.5078125,0.487793,0.4887695,0.5185547,0.3818359,0.3989258,0,0,0,0
Action_14,ARX,0.9121094,0.902832,0.9155273,0.8999023,0.9360352,0.9921875,0.7700195,0.6655273,0.7773438,0.918457,0.7138672,0.5957031,0.4228516,0.2285156,-0.04248047,-0.03759766,-0.2236328,-0.324707,-0.4375,-0.4433594,-0.4819336,-0.4936523,-0.5009766,-0.4829102,-0.394043,-0.3291016,-0.3486328,-0.3500977,-0.2202148,-0.06787109,0.05029297,0.1972656,0.3330078,0.4755859,0.4311523,0.4345703,0.4174805,0.4829102,0.4580078,0.4448242,0.3955078,0.2099609,0.7524414,1.024414,0,0,0,0
Action_14,ARY,0.3325195,0.359375,0.3491211,0.3911133,0.4345703,0.3710938,0.5317383,0.5405273,0.5302734,0.5854492,0.7734375,0.7993164,0.8017578,0.8881836,0.8359375,0.5888672,0.3286133,0.5693359,0.7993164,0.7709961,0.6723633,0.7055664,0.7246094,0.7158203,0.7202148,0.6821289,0.7480469,0.7797852,0.8168945,0.8823242,0.9506836,0.887207,0.7919922,0.8603516,0.8618164,0.7866211,0.7529297,0.7885742,0.7861328,0.7631836,0.6938477,0.5727539,0.7070313,0.6142578,0,0,0,0
Action_14,ARZ,0.09472656,0.09179688,0.07861328,0.08203125,0.07568359,0.1533203,0.3037109,0.2836914,0.2705078,0.3046875,0.4145508,0.4467773,0.4770508,0.4785156,0.5073242,0.4316406,0.640625,0.5488281,0.4995117,0.4848633,0.5043945,0.4755859,0.4697266,0.4863281,0.5322266,0.4916992,0.5273438,0.5292969,0.543457,0.5400391,0.5444336,0.5092773,0.5117188,0.5097656,0.4970703,0.4682617,0.4472656,0.4506836,0.4633789,0.4404297,0.4443359,0.284668,0.2636719,0.3198242,0,0,0,0
Action_14,EMG0L,-3,-2,13,12,-13,-33,-4,13,-11,9,42,-22,18,6,26,16,-2,-21,-36,24,-23,10,-45,6,-27,-19,-21,12,5,10,-5,-7,-12,-2,27,-3,-36,1,-73,-25,1,3,-5,-25,0,0,0,0
Action_14,EMG1L,-41,3,-15,-2,-27,-16,11,-1,-22,-31,2,8,-9,42,20,6,-8,13,9,-5,-17,-3,8,-2,-12,-16,-16,2,-4,-10,-2,-14,3,11,4,0,-6,-12,-18,-2,-6,-2,0,-2,0,0,0,0
Action_14,EMG2L,17,-3,47,0,47,-18,-11,-15,24,-36,-35,-11,-50,33,70,54,15,104,-76,-10,18,-93,-2,8,1,-33,-6,30,9,-32,-7,26,-1,9,-20,-1,5,-67,-32,-8,-18,-7,12,-5,0,0,0,0
Action_14,EMG3L,3,4,7,-6,6,11,-11,4,0,0,-12,-4,3,6,2,-1,-1,-5,-2,2,4,-8,4,-2,-3,0,-8,-5,-13,1,-8,-5,-8,-5,4,-5,-3,3,0,3,0,-3,0,3,0,0,0,0
Action_14,EMG4L,4,2,5,-31,6,33,-8,2,-7,1,-11,-14,7,3,0,-4,-2,-15,2,4,11,-8,4,-8,-8,6,-19,-9,-7,-1,-1,-6,-8,-4,0,0,1,-1,3,1,-2,-9,-1,-4,0,0,0,0
Action_14,EMG5L,8,5,3,-37,18,54,-3,-8,-13,-6,-2,-16,0,9,1,-2,4,-4,-2,6,15,4,8,-27,-23,-8,-41,-6,-19,-9,4,-7,-9,-7,-9,17,-13,1,-9,5,-8,-13,4,-2,0,0,0,0
Action_14,EMG6L,22,10,-38,-3,43,6,-15,-10,19,-12,70,-34,6,5,57,12,18,66,65,-25,-1,28,59,-33,-81,35,-51,6,-44,-83,-5,-24,-68,-10,2,17,-50,-21,-12,36,-32,34,-9,31,0,0,0,0
Action_14,EMG7L,-1,-18,-6,9,14,-4,10,14,-10,46,6,-38,-3,-46,-23,28,24,9,-40,63,-43,-11,-13,-20,-21,-7,-25,2,-40,-9,-27,-22,-13,4,19,31,12,27,-45,-6,-6,63,-22,-9,0,0,0,0
Action_14,EMG0R,1,3,-9,-43,22,13,-3,-8,-11,35,-18,4,-17,28,-7,-2,-2,-16,-12,9,21,-1,7,26,14,-76,8,11,3,5,-18,-5,-31,0,3,6,-32,16,8,17,14,22,-4,4,0,0,0,0
Action_14,EMG1R,4,5,-5,-7,8,-6,4,7,-10,-5,12,0,0,7,10,6,9,20,3,-18,7,-2,4,8,3,-14,-9,3,-2,4,2,-5,-19,-14,3,-3,-6,1,3,3,-2,4,1,-4,0,0,0,0
Action_14,EMG2R,3,2,-1,-2,-1,1,2,4,-3,-4,-2,-8,11,2,0,0,10,8,0,-13,3,-1,2,3,6,-10,-13,2,-6,1,4,-8,-16,-11,-4,-4,-4,0,0,-1,-2,1,0,1,0,0,0,0
Action_14,EMG3R,1,-2,0,7,-11,5,3,-4,2,3,-17,-16,6,-16,-4,3,13,2,-3,-10,-4,4,5,-11,-3,-14,4,-1,-9,10,5,-13,-21,-19,-6,-6,-14,-15,-8,3,1,-5,4,-2,0,0,0,0
Action_14,EMG4R,3,6,-4,2,-3,1,-10,-25,14,0,-10,-15,-4,-4,-4,-4,3,-3,0,0,-9,6,-7,-27,7,-17,45,10,-10,-4,-8,7,-35,6,9,-10,-3,1,-2,6,5,-1,3,-3,0,0,0,0
Action_14,EMG5R,-5,-7,-23,2,12,0,-18,5,2,1,-35,2,3,-4,8,-4,2,7,1,-1,4,11,9,5,26,6,-13,7,-13,2,10,9,-4,-14,7,-1,18,-3,-4,8,-2,-1,15,-4,0,0,0,0
Action_14,EMG6R,-8,0,0,-11,21,-4,5,-1,2,-4,-8,-3,-3,1,6,41,13,-1,6,-2,9,2,12,-8,13,-3,-12,25,-6,-9,3,0,0,-4,8,9,-8,20,-7,3,-6,20,3,-2,0,0,0,0
Action_14,EMG7R,0,10,-8,-21,13,-3,0,2,-11,-11,0,-10,-12,5,2,15,-13,-8,-20,0,-14,5,-2,1,-6,-24,3,1,-5,-14,-18,3,-17,12,3,0,-16,8,-1,8,-4,19,-8,2,0,0,0,0
Action_14,GLX,1.625,3.5,10.875,23.3125,12.4375,21.0625,27.1875,31.3125,9.4375,-12.0625,-21.5625,-26.5,-10.5,-6.3125,-1.25,3.3125,-39.3125,16.1875,11,1.375,-2.375,-5.375,-2.25,-0.6875,-0.1875,-0.6875,2.0625,0.25,4.8125,0.8125,1,0,3.5625,1.25,-0.375,1.1875,-0.625,-0.6875,1.625,0.25,-0.4375,0.0625,-0.9375,2.4375,0,0,0,0
Action_14,GLY,1.625,3.5,10.875,23.3125,12.4375,21.0625,27.1875,31.3125,9.4375,-12.0625,-21.5625,-26.5,-10.5,-6.3125,-1.25,3.3125,-39.3125,16.1875,11,1.375,-2.375,-5.375,-2.25,-0.6875,-0.1875,-0.6875,2.0625,0.25,4.8125,0.8125,1,0,3.5625,1.25,-0.375,1.1875,-0.625,-0.6875,1.625,0.25,-0.4375,0.0625,-0.9375,2.4375,0,0,0,0
Action_14,GLZ,1.625,3.5,10.875,23.3125,12.4375,21.0625,27.1875,31.3125,9.4375,-12.0625,-21.5625,-26.5,-10.5,-6.3125,-1.25,3.3125,-39.3125,16.1875,11,1.375,-2.375,-5.375,-2.25,-0.6875,-0.1875,-0.6875,2.0625,0.25,4.8125,0.8125,1,0,3.5625,1.25,-0.375,1.1875,-0.625,-0.6875,1.625,0.25,-0.4375,0.0625,-0.9375,2.4375,0,0,0,0
Action_14,GRX,-0.1875,-5.8125,-5.3125,-7.875,-26.875,-32.0625,-1.25,5.5,-1.375,-15.1875,-1.125,-6.375,0.875,-5.25,-9.9375,21.0625,-37.625,-56.75,-15.9375,-2.8125,-5.5625,-5.25,-4.5625,-2.25,-9.25,-18.375,-17.5625,-17.0625,-2.8125,7.125,4.8125,19.9375,6.4375,-1.5625,3.875,7.5,10.9375,1.4375,0.5,-1.4375,1.3125,33.125,5.375,-2.0625,0,0,0,0
Action_14,GRY,-0.1875,-5.8125,-5.3125,-7.875,-26.875,-32.0625,-1.25,5.5,-1.375,-15.1875,-1.125,-6.375,0.875,-5.25,-9.9375,21.0625,-37.625,-56.75,-15.9375,-2.8125,-5.5625,-5.25,-4.5625,-2.25,-9.25,-18.375,-17.5625,-17.0625,-2.8125,7.125,4.8125,19.9375,6.4375,-1.5625,3.875,7.5,10.9375,1.4375,0.5,-1.4375,1.3125,33.125,5.375,-2.0625,0,0,0,0
Action_14,GRZ,-0.1875,-5.8125,-5.3125,-7.875,-26.875,-32.0625,-1.25,5.5,-1.375,-15.1875,-1.125,-6.375,0.875,-5.25,-9.9375,21.0625,-37.625,-56.75,-15.9375,-2.8125,-5.5625,-5.25,-4.5625,-2.25,-9.25,-18.375,-17.5625,-17.0625,-2.8125,7.125,4.8125,19.9375,6.4375,-1.5625,3.875,7.5,10.9375,1.4375,0.5,-1.4375,1.3125,33.125,5.375,-2.0625,0,0,0,0
Action_14,ORL,2.842977,2.865364,2.896596,2.985173,3.055776,3.125538,3.228882,3.360969,3.415862,3.413613,3.365325,3.331807,3.314888,3.303494,3.302066,3.31548,3.331737,3.34623,3.332951,3.316094,3.305883,3.298764,3.295741,3.29492,3.293192,3.292051,3.291861,3.290816,3.29537,3.298331,3.300286,3.297609,3.305606,3.308435,3.313973,3.313873,3.310691,3.308617,3.309659,3.310997,3.312848,3.335265,3.336066,3.312526,0,0,0,0
Action_14,OPL,3.238154,3.257362,3.28091,3.343701,3.425618,3.546466,3.746981,4.129208,4.43216,4.67408,4.839566,4.889943,4.902796,4.890382,4.870501,4.856166,4.887558,4.867473,4.856749,4.850916,4.847729,4.844032,4.839743,4.836932,4.834117,4.835476,4.842691,4.846962,4.854832,4.871838,4.887136,4.890547,4.884256,4.886428,4.893647,4.897028,4.897372,4.898246,4.901796,4.904219,4.900956,4.835823,4.669523,4.408362,0,0,0,0
Action_14,OYL,3.148378,3.129177,3.103782,3.048121,2.999225,2.933092,2.849079,2.771092,2.724016,2.683923,2.642503,2.626935,2.621315,2.619539,2.612192,2.596463,2.63661,2.61817,2.605086,2.591781,2.569003,2.559251,2.553823,2.551434,2.554024,2.555555,2.561453,2.566537,2.57163,2.579279,2.577358,2.565416,2.546715,2.541001,2.536417,2.533489,2.538256,2.543641,2.547076,2.548612,2.550863,2.59845,2.643756,2.702061,0,0,0,0
Action_14,ORR,7.134024,7.137041,7.131154,7.105195,7.037575,6.890699,6.759763,6.740326,6.731826,6.692285,6.66767,6.657756,6.662737,6.673914,6.650815,6.656393,6.575062,6.555914,6.551282,6.562851,6.551311,6.548234,6.542998,6.541349,6.544486,6.539803,6.540946,6.535899,6.536732,6.54879,6.566127,6.590775,6.606829,6.628004,6.637095,6.649375,6.660157,6.668731,6.671123,6.671722,6.674502,6.742307,6.815547,6.832796,0,0,0,0
Action_14,OPR,3.119044,3.120826,3.119923,3.127673,3.148635,3.209441,3.391557,3.510968,3.598617,3.658051,3.850847,4.065928,4.322017,4.596751,4.95699,5.1596,5.357368,5.561199,5.696375,5.810533,5.853072,5.87975,5.885618,5.863363,5.812779,5.720993,5.54566,5.376699,5.175771,4.902596,4.732563,4.593199,4.444069,4.355114,4.305999,4.27119,4.252912,4.227068,4.217359,4.219164,4.212795,4.116402,3.882167,3.681338,0,0,0,0
Action_14,OYR,9.789234,9.782655,9.779451,9.799126,9.84488,9.933074,0.05407366,0.09024183,0.1082942,0.1308405,0.1674157,0.1619035,0.1433126,0.1283691,0.1247398,0.1213399,0.111832,0.06954204,0.08597128,0.130116,0.1523126,0.1570949,0.1571488,0.1629857,0.1903549,0.2509642,0.3538503,0.4297157,0.4870395,0.5266195,0.5259009,0.5088303,0.4793924,0.459506,0.4492589,0.4491812,0.4504752,0.4487956,0.4489595,0.4453319,0.4310395,0.3823161,0.3365746,0.2780957,0,0,0,0
Action_15,ALX,0.5449219,0.3813477,0.3310547,0.3457031,0.2963867,0.3022461,0.1962891,0.1699219,0.230957,0.2167969,0.1806641,0.1928711,0.1816406,0.1875,0.1660156,0.1635742,0.1572266,0.1254883,0.1347656,0.1264648,0.1503906,0.1547852,0.1489258,0.1435547,0.137207,0.1503906,0.1391602,0.1469727,0.1401367,0.1381836,0.1420898,0.1459961,0.1513672,0.1435547,0.1337891,0.1274414,0.125,0.128418,0.1259766,0.1333008,0.1464844,0.1455078,0.1362305,0.1474609,0,0,0,0
Action_15,ALY,-0.7202148,-0.7641602,-0.7436523,-0.753418,-0.75,-0.7880859,-0.8398438,-0.7661133,-0.7915039,-0.8012695,-0.8354492,-0.8398438,-0.8349609,-0.8452148,-0.828125,-0.8295898,-0.8378906,-0.840332,-0.8696289,-0.8413086,-0.8305664,-0.8369141,-0.8569336,-0.8696289,-0.8569336,-0.847168,-0.8378906,-0.8544922,-0.8486328,-0.8505859,-0.8510742,-0.8603516,-0.8515625,-0.8461914,-0.8398438,-0.8452148,-0.8574219,-0.8422852,-0.8427734,-0.8540039,-0.8598633,-0.8530273,-0.8374023,-0.8222656,0,0,0,0
Action_15,ALZ,0.4663086,0.4536133,0.4682617,0.5126953,0.5200195,0.6069336,0.5703125,0.4936523,0.543457,0.5708008,0.5678711,0.5703125,0.565918,0.5561523,0.5551758,0.5527344,0.559082,0.565918,0.5541992,0.5356445,0.5444336,0.5546875,0.5385742,0.5385742,0.5493164,0.5449219,0.5239258,0.5307617,0.5527344,0.5454102,0.5371094,0.5424805,0.5488281,0.5429688,0.5380859,0.534668,0.5532227,0.5463867,0.546875,0.5424805,0.5512695,0.5517578,0.5532227,0.5371094,0,0,0,0
Action_15,ARX,0.8510742,0.8862305,0.8544922,0.8310547,0.7919922,0.7666016,0.8198242,0.8798828,0.7524414,0.4428711,0.3442383,0.2050781,0.01708984,-0.1357422,-0.2216797,-0.3198242,-0.3603516,-0.3608398,-0.3876953,-0.4262695,-0.4213867,-0.3457031,-0.3588867,-0.2949219,-0.265625,-0.1474609,-0.1669922,-0.1157227,0.02050781,0.1855469,0.3681641,0.4360352,0.5576172,0.6025391,0.5751953,0.5512695,0.5546875,0.5551758,0.543457,0.5439453,0.6298828,0.5517578,0.7021484,0.706543,0,0,0,0
Action_15,ARY,0.4560547,0.4331055,0.4755859,0.4814453,0.5361328,0.5395508,0.5537109,0.6352539,0.777832,0.8481445,0.8549805,0.8334961,0.7905273,0.7612305,0.7646484,0.7226563,0.699707,0.7363281,0.7705078,0.7680664,0.7744141,0.7709961,0.7329102,0.7412109,0.7592773,0.8056641,0.7792969,0.8173828,0.847168,0.8359375,0.7978516,0.8583984,0.7919922,0.765625,0.7705078,0.762207,0.7280273,0.7163086,0.6967773,0.6801758,0.7382813,0.6381836,0.5888672,0.6601563,0,0,0,0
Action_15,ARZ,0.1113281,0.159668,0.1918945,0.2133789,0.2490234,0.2519531,0.2294922,0.2895508,0.4077148,0.4365234,0.4541016,0.5068359,0.5229492,0.5107422,0.5429688,0.534668,0.515625,0.5039063,0.5356445,0.5297852,0.5200195,0.5390625,0.5541992,0.5576172,0.559082,0.6269531,0.5751953,0.5117188,0.5356445,0.5644531,0.5117188,0.4536133,0.3974609,0.4150391,0.3964844,0.3754883,0.3833008,0.378418,0.3798828,0.3476563,0.3510742,0.2675781,0.2871094,0.1943359,0,0,0,0
Action_15,EMG0L,40,17,5,2,-3,-10,-15,6,31,-6,6,-12,9,1,10,20,-29,-10,0,21,-26,9,-8,4,11,-40,28,-9,-17,5,-16,-13,-1,-9,16,6,4,-12,-25,-2,-9,-6,-10,-1,0,0,0,0
Action_15,EMG1L,12,-17,13,35,17,-5,15,-5,11,-11,-11,-30,8,-29,-5,7,-31,-24,-6,2,-20,-12,-10,-17,20,-20,-10,-22,-43,-8,-10,26,-11,-4,12,0,0,-18,19,19,10,-13,-2,4,0,0,0,0
Action_15,EMG2L,25,-33,-41,50,9,-16,24,2,21,2,-18,12,5,-32,-20,23,-67,-13,-13,22,4,-16,28,-19,22,-43,27,12,-60,-5,-70,22,-28,-8,7,65,-16,-59,52,54,60,-26,-28,23,0,0,0,0
Action_15,EMG3L,-1,1,-13,0,-7,0,5,6,-3,-2,-3,-3,4,1,-1,-2,-4,-8,-3,-1,1,6,-6,1,0,-8,-2,-13,-1,-2,-1,4,-6,-3,1,12,-4,-7,3,7,0,-14,-2,3,0,0,0,0
Action_15,EMG4L,-12,-1,-6,-6,7,-2,4,5,-10,-3,2,-4,18,-2,3,3,-11,-5,2,-4,-7,-1,-4,-5,2,-16,-8,-8,0,3,-11,13,-1,-7,1,10,0,-10,-6,-1,-1,-1,-5,-2,0,0,0,0
Action_15,EMG5L,-7,14,-4,6,5,-17,1,31,-3,12,20,-12,19,-18,17,22,4,-9,-1,1,-8,-3,-7,-2,4,-6,-46,-8,11,8,-18,23,6,-18,2,21,3,-35,-7,-10,10,9,-12,-3,0,0,0,0
Action_15,EMG6L,70,47,-51,-36,-12,-51,-10,96,7,17,22,-61,66,-1,-61,54,-27,-7,3,52,74,49,30,5,27,3,-56,55,6,53,-76,-14,47,-18,19,20,19,-31,51,-23,35,-9,18,-1,0,0,0,0
Action_15,EMG7L,55,28,-17,2,-27,-20,25,81,0,-2,-31,-36,20,57,24,25,-57,14,43,-6,13,54,-21,16,32,-40,2,15,28,26,-26,-36,-5,-8,-17,13,39,39,-40,-7,8,-27,-26,-20,0,0,0,0
Action_15,EMG0R,-13,6,-6,-3,-40,3,6,-11,4,-32,-11,35,-24,17,19,31,-8,19,5,7,6,0,9,21,12,3,-6,-2,4,-4,20,27,-7,-3,-6,-15,-35,6,9,-11,7,-28,20,-9,0,0,0,0
Action_15,EMG1R,1,3,1,-2,-10,3,-2,6,0,-4,-5,8,0,-2,1,4,-5,1,4,4,-5,-1,9,0,-8,-2,8,-5,6,8,4,9,0,-3,-5,-4,-14,4,-4,-4,0,-1,1,-6,0,0,0,0
Action_15,EMG2R,0,2,3,0,-4,-2,-3,-2,5,2,-5,6,4,-6,-4,-7,-5,1,0,-2,-3,-5,11,2,-19,0,11,-5,10,3,1,5,-2,-1,-9,-7,-6,-2,-2,-2,-3,80,4,-4,0,0,0,0
Action_15,EMG3R,14,1,-9,7,-10,3,10,0,-6,16,9,2,-4,-12,-6,-4,-11,6,6,-7,-6,-9,14,6,-33,29,-13,0,19,-4,-9,2,-3,0,-20,1,-26,-2,1,4,-4,2,20,1,0,0,0,0
Action_15,EMG4R,4,-1,-26,25,-6,11,19,5,-3,18,7,-1,-14,-9,-8,-8,-17,12,43,-26,17,-3,-4,12,-31,10,-24,3,-6,-12,1,19,-19,-26,-13,-2,-34,8,2,-5,-2,-2,57,11,0,0,0,0
Action_15,EMG5R,13,6,-9,5,-7,-5,7,-6,0,0,2,3,-7,-12,2,-3,16,3,14,-1,2,19,-4,19,-14,-25,6,3,-27,15,-3,12,5,-7,5,-2,1,9,12,-5,10,19,-7,0,0,0,0,0
Action_15,EMG6R,-3,15,-2,12,-2,0,2,-11,-8,-16,3,3,21,-6,-2,-20,11,23,-11,-8,-4,-18,9,2,7,10,-11,-15,16,14,-15,-12,-11,13,2,-8,-2,0,5,-8,22,-5,2,-6,0,0,0,0
Action_15,EMG7R,-13,9,-8,0,-4,-6,2,3,-23,-3,-4,8,-19,-5,4,7,19,15,-6,13,-26,2,2,9,11,-1,1,-24,9,12,9,18,-2,8,-17,-9,-1,1,6,-3,7,-59,5,-2,0,0,0,0
Action_15,GLX,32.0625,12.5625,2.375,-1.5,-3.375,17.25,1.375,-9.5625,-2.625,1.625,-0.125,-0.75,3.8125,0.25,-5.3125,-4.625,-3.0625,1.125,-0.6875,-2.875,-5.0625,-2.1875,-0.4375,-0.1875,-1.3125,-0.1875,-1.9375,-2.9375,-0.125,1.0625,0.8125,1.9375,1.375,0.125,-1.1875,-0.875,1,-1.375,2.3125,-0.0625,2.6875,-1.4375,-0.6875,-0.625,0,0,0,0
Action_15,GLY,32.0625,12.5625,2.375,-1.5,-3.375,17.25,1.375,-9.5625,-2.625,1.625,-0.125,-0.75,3.8125,0.25,-5.3125,-4.625,-3.0625,1.125,-0.6875,-2.875,-5.0625,-2.1875,-0.4375,-0.1875,-1.3125,-0.1875,-1.9375,-2.9375,-0.125,1.0625,0.8125,1.9375,1.375,0.125,-1.1875,-0.875,1,-1.375,2.3125,-0.0625,2.6875,-1.4375,-0.6875,-0.625,0,0,0,0
Action_15,GLZ,32.0625,12.5625,2.375,-1.5,-3.375,17.25,1.375,-9.5625,-2.625,1.625,-0.125,-0.75,3.8125,0.25,-5.3125,-4.625,-3.0625,1.125,-0.6875,-2.875,-5.0625,-2.1875,-0.4375,-0.1875,-1.3125,-0.1875,-1.9375,-2.9375,-0.125,1.0625,0.8125,1.9375,1.375,0.125,-1.1875,-0.875,1,-1.375,2.3125,-0.0625,2.6875,-1.4375,-0.6875,-0.625,0,0,0,0
Action_15,GRX,-15.1875,-6.625,-16.0625,-12.125,-1.6875,2.5,-8.9375,-10.0625,-5.0625,-14.8125,-20.0625,-21.875,-17.625,-16.9375,-11.9375,-1.125,-6.3125,5.875,-0.375,-8.375,-3.9375,-0.25,-9.3125,-16.1875,-12.5625,-5.125,-7.75,17.625,23.3125,29,16.1875,19.3125,25.125,9.9375,-1.8125,2.625,-0.6875,0.75,-1,5,12.125,16.3125,-26.875,17.875,0,0,0,0
Action_15,GRY,-15.1875,-6.625,-16.0625,-12.125,-1.6875,2.5,-8.9375,-10.0625,-5.0625,-14.8125,-20.0625,-21.875,-17.625,-16.9375,-11.9375,-1.125,-6.3125,5.875,-0.375,-8.375,-3.9375,-0.25,-9.3125,-16.1875,-12.5625,-5.125,-7.75,17.625,23.3125,29,16.1875,19.3125,25.125,9.9375,-1.8125,2.625,-0.6875,0.75,-1,5,12.125,16.3125,-26.875,17.875,0,0,0,0
Action_15,GRZ,-15.1875,-6.625,-16.0625,-12.125,-1.6875,2.5,-8.9375,-10.0625,-5.0625,-14.8125,-20.0625,-21.875,-17.625,-16.9375,-11.9375,-1.125,-6.3125,5.875,-0.375,-8.375,-3.9375,-0.25,-9.3125,-16.1875,-12.5625,-5.125,-7.75,17.625,23.3125,29,16.1875,19.3125,25.125,9.9375,-1.8125,2.625,-0.6875,0.75,-1,5,12.125,16.3125,-26.875,17.875,0,0,0,0
Action_15,ORL,3.382553,3.413977,3.429927,3.429743,3.434953,3.457785,3.462126,3.464346,3.451948,3.445671,3.442279,3.442771,3.444547,3.441954,3.436614,3.428869,3.425294,3.425958,3.42172,3.412547,3.405338,3.402526,3.401382,3.400863,3.397355,3.395785,3.393739,3.389291,3.389451,3.396093,3.399603,3.402799,3.405199,3.405429,3.403497,3.40002,3.399961,3.403263,3.407035,3.406783,3.409042,3.408673,3.40825,3.407768,0,0,0,0
Action_15,OPL,4.068343,4.249741,4.398142,4.52263,4.57179,4.60027,4.638831,4.679335,4.677501,4.668871,4.672118,4.680585,4.70368,4.726618,4.746391,4.755032,4.754547,4.758409,4.766479,4.788498,4.788834,4.77935,4.769388,4.764842,4.767262,4.774152,4.77837,4.776927,4.772816,4.776688,4.779212,4.781868,4.78647,4.79106,4.793279,4.790269,4.785553,4.786284,4.78816,4.788753,4.790256,4.787625,4.786294,4.779069,0,0,0,0
Action_15,OYL,2.675049,2.652262,2.635769,2.62688,2.621183,2.60238,2.586244,2.590592,2.599658,2.60674,2.603526,2.595325,2.591788,2.598012,2.603396,2.60622,2.607087,2.606742,2.606281,2.603508,2.598122,2.592692,2.589202,2.587753,2.59061,2.595657,2.601115,2.603606,2.602554,2.589814,2.578697,2.570577,2.564686,2.56372,2.566135,2.571471,2.575354,2.573699,2.571339,2.570633,2.569032,2.567639,2.5681,2.572744,0,0,0,0
Action_15,ORR,6.936919,6.929748,6.907894,6.869735,6.854271,6.847019,6.831105,6.793275,6.745963,6.703515,6.672497,6.632674,6.592337,6.566865,6.548911,6.536802,6.533945,6.539378,6.533722,6.527014,6.522295,6.51844,6.507353,6.496902,6.487751,6.491816,6.490192,6.510488,6.553429,6.590406,6.63779,6.686622,6.72155,6.738636,6.747257,6.753389,6.751642,6.753024,6.754225,6.757105,6.787712,6.793741,6.804825,6.875803,0,0,0,0
Action_15,OPR,3.274809,3.302319,3.341845,3.407232,3.465122,3.515333,3.572587,3.647425,3.806947,4.122033,4.394494,4.680995,5.039416,5.261732,5.426952,5.580597,5.640097,5.658764,5.651057,5.647065,5.650523,5.636006,5.61408,5.56275,5.436356,5.291965,5.133422,4.961858,4.745951,4.592639,4.407468,4.287649,4.18007,4.086427,4.057207,4.047302,4.045853,4.043985,4.034532,4.006472,3.935589,3.866107,3.758147,3.671019,0,0,0,0
Action_15,OYR,9.851207,9.839945,9.839224,9.842579,9.851647,9.864779,9.877839,9.909881,9.959926,9.992539,9.991747,9.993372,0.01579251,0.03429561,0.05557559,0.08885886,0.1090222,0.1171915,0.124767,0.1303061,0.1308342,0.1301842,0.1385214,0.1676819,0.250694,0.3263156,0.3997402,0.4594853,0.4994524,0.5119308,0.5088184,0.503727,0.5019335,0.500981,0.4998551,0.4984665,0.4940298,0.4881506,0.4843586,0.4847791,0.4794857,0.4953043,0.4326542,0.358689,0,0,0,0
Action_16,ALX,0.918457,0.9042969,0.9208984,0.8818359,0.8173828,0.8198242,0.8452148,0.4189453,0.2353516,0.2070313,0.2602539,0.2124023,0.1791992,0.1645508,0.1787109,0.1694336,0.1591797,0.1508789,0.1386719,0.1542969,0.1474609,0.1254883,0.1396484,0.1352539,0.1337891,0.1357422,0.1362305,0.128418,0.140625,0.137207,0.1137695,0.1259766,0.1362305,0.1323242,0.09179688,0.1000977,0.1035156,0.1171875,0.09033203,0.08496094,0.08154297,0.1020508,0.1079102,0.1245117,0,0,0,0
Action_16,ALY,-0.40625,-0.4545898,-0.4316406,-0.5366211,-0.5585938,-0.6206055,-0.7241211,-0.762207,-0.706543,-0.6791992,-0.7319336,-0.7729492,-0.7954102,-0.828125,-0.8232422,-0.8105469,-0.8144531,-0.8413086,-0.800293,-0.8188477,-0.8481445,-0.8085938,-0.8183594,-0.8491211,-0.8349609,-0.8134766,-0.8164063,-0.8349609,-0.8305664,-0.8476563,-0.8647461,-0.8666992,-0.8154297,-0.8188477,-0.8383789,-0.8457031,-0.8686523,-0.859375,-0.8354492,-0.8203125,-0.8334961,-0.8286133,-0.7924805,-0.7451172,0,0,0,0
Action_16,ALZ,0.1157227,0.152832,0.1904297,0.2324219,0.2919922,0.2998047,0.4677734,0.4677734,0.4433594,0.5185547,0.5727539,0.5766602,0.5649414,0.5854492,0.5981445,0.5708008,0.5834961,0.5644531,0.574707,0.5922852,0.5859375,0.5737305,0.5766602,0.5668945,0.5742188,0.5786133,0.5595703,0.5737305,0.5712891,0.5576172,0.5302734,0.5668945,0.590332,0.5864258,0.5693359,0.5546875,0.5629883,0.5634766,0.5605469,0.5751953,0.5629883,0.5585938,0.5507813,0.4868164,0,0,0,0
Action_16,ARX,0.9125977,0.9067383,0.9072266,0.9091797,0.9179688,0.9492188,0.9106445,0.7724609,0.8081055,0.8793945,0.8891602,0.8027344,0.7661133,0.7827148,0.6855469,0.5581055,0.324707,0.09326172,-0.07519531,-0.1635742,-0.2358398,-0.2753906,-0.3671875,-0.375,-0.4116211,-0.4125977,-0.3945313,-0.3144531,-0.2109375,-0.175293,-0.2675781,-0.1645508,-0.08349609,0.09667969,0.3037109,0.4467773,0.5825195,0.6835938,0.659668,0.6787109,0.6547852,0.621582,0.5717773,0.5629883,0,0,0,0
Action_16,ARY,0.3305664,0.3447266,0.3481445,0.3476563,0.3769531,0.3754883,0.4077148,0.4672852,0.440918,0.4770508,0.4594727,0.5610352,0.5800781,0.6845703,0.7739258,0.8754883,0.8901367,0.7001953,0.7851563,0.7241211,0.7114258,0.7055664,0.7050781,0.7250977,0.7539063,0.765625,0.7436523,0.7333984,0.6821289,0.8007813,0.7695313,0.7543945,0.8046875,0.7954102,0.9301758,0.909668,0.7392578,0.8129883,0.7958984,0.6762695,0.6914063,0.6420898,0.6181641,0.6083984,0,0,0,0
Action_16,ARZ,0.1108398,0.09960938,0.09960938,0.1010742,0.08691406,0.05712891,0.1811523,0.21875,0.2094727,0.2026367,0.2055664,0.2460938,0.2680664,0.328125,0.3994141,0.4682617,0.5366211,0.5986328,0.5019531,0.5380859,0.5429688,0.5664063,0.550293,0.5820313,0.5756836,0.5761719,0.5751953,0.6083984,0.6044922,0.6533203,0.605957,0.5488281,0.4467773,0.5854492,0.5097656,0.4003906,0.4291992,0.3974609,0.3139648,0.347168,0.3686523,0.3369141,0.2924805,0.2944336,0,0,0,0
Action_16,EMG0L,-13,13,6,15,-14,21,-30,4,10,15,4,-8,-4,-10,-3,-10,14,15,13,9,1,-37,-19,-7,13,-27,3,-13,21,10,4,-12,18,-12,-18,-10,25,19,-4,4,1,11,0,-6,0,0,0,0
Action_16,EMG1L,1,-19,11,12,-24,-3,-5,-19,1,20,-15,-3,1,17,10,-29,9,1,0,-30,-13,12,11,-16,-2,-27,31,-6,-1,-12,-24,-27,12,-9,13,-9,25,23,5,0,-11,-13,4,-2,0,0,0,0
Action_16,EMG2L,-11,-63,5,-2,-25,-21,14,-1,-14,1,30,20,2,14,18,19,-30,-13,6,-58,-10,8,-17,17,3,-5,-6,-19,7,-33,21,5,27,-6,-20,18,57,7,-6,8,39,16,9,1,0,0,0,0
Action_16,EMG3L,-1,-4,-7,-5,-8,4,6,3,2,2,-7,2,-5,0,-1,-1,-5,8,1,-8,0,2,-4,-10,0,-3,-4,-9,1,1,-6,-5,6,-2,-1,-2,0,2,-2,0,0,3,1,-6,0,0,0,0
Action_16,EMG4L,-3,2,-4,-2,-12,10,4,7,11,8,-13,-6,-7,-8,-3,1,1,10,8,-3,1,4,5,-8,0,-2,-9,-8,-3,6,-10,-6,5,-9,-8,1,5,3,-4,1,-3,0,-2,-1,0,0,0,0
Action_16,EMG5L,0,4,-5,7,-20,7,-2,12,18,29,-22,-10,-18,-24,-3,10,-7,25,11,10,8,13,11,-16,-2,0,-13,-12,-13,4,-14,-16,13,-4,-18,1,6,-1,-10,3,-11,3,-2,5,0,0,0,0
Action_16,EMG6L,4,-8,-12,15,21,0,-8,89,41,40,39,34,-42,-26,28,22,-52,-11,-44,-21,1,27,1,-104,-17,-20,-12,-24,58,38,-67,-38,14,-35,-20,-36,-5,47,-19,34,5,-72,-28,36,0,0,0,0
Action_16,EMG7L,15,9,-13,-26,-2,7,-2,18,8,4,-7,-4,1,-2,18,10,-18,24,9,-27,4,10,-18,-23,-20,7,47,9,32,15,-5,-50,3,12,-26,7,-1,5,8,17,-11,-21,-12,7,0,0,0,0
Action_16,EMG0R,-2,14,-18,-22,-15,16,-37,14,17,7,-59,9,-1,13,12,16,-24,-52,8,-7,-25,15,8,3,-16,-2,-6,17,3,21,-32,-9,-18,-21,16,-13,9,-20,11,6,20,6,-8,-12,0,0,0,0
Action_16,EMG1R,-3,2,-7,-2,3,3,1,1,-1,0,-7,-7,4,1,5,-6,-2,-20,-10,0,-20,8,-11,-24,-3,-3,-2,-1,-6,6,-4,0,-10,-6,10,-1,8,-18,-7,7,0,0,-1,-2,0,0,0,0
Action_16,EMG2R,-1,1,-4,1,4,6,3,1,-1,0,1,-5,2,2,15,2,5,-10,-10,-2,-11,4,-7,-10,-5,-6,-6,-10,-10,-1,0,2,-7,-1,2,-5,0,-6,-2,-2,2,-1,-1,-1,0,0,0,0
Action_16,EMG3R,-2,-4,-3,2,-6,12,1,-3,0,4,-7,10,-1,15,-7,-6,1,-6,-14,-2,-5,19,-10,2,-2,-12,-1,-19,-18,-12,-38,-1,3,-8,2,0,2,-2,11,-23,-4,3,-1,-1,0,0,0,0
Action_16,EMG4R,4,3,-5,5,-3,1,-5,3,8,18,-5,30,-8,43,-11,4,-3,-5,8,-11,1,-3,10,-4,1,1,-5,-16,0,-4,-17,2,0,10,-2,-2,-2,-7,13,-31,5,10,2,-3,0,0,0,0
Action_16,EMG5R,1,-5,-6,-5,-1,-2,3,-3,4,3,1,6,1,-4,6,-6,-3,-10,-8,-2,-28,-1,10,2,5,-7,-3,-17,14,18,11,6,13,14,-4,-13,-24,-4,-4,21,-12,6,17,0,0,0,0,0
Action_16,EMG6R,4,-9,-2,-2,3,-7,-7,0,3,-16,-2,6,-6,-7,23,-1,1,-20,25,-10,-14,-20,-10,-11,21,7,-15,-15,-4,12,-3,-23,0,16,1,7,-25,9,3,-26,1,-1,-3,-7,0,0,0,0
Action_16,EMG7R,3,-2,-12,2,-8,15,-11,11,-10,5,-21,7,18,9,50,2,2,-31,-7,-8,-1,17,-25,-35,0,-17,-10,9,4,11,-12,5,-17,-6,22,0,-3,-26,34,-27,8,-3,-2,12,0,0,0,0
Action_16,GLX,13.4375,3.5625,22.4375,10.25,7.375,29.4375,30.5,29.4375,12.75,-4.75,-6.125,-0.875,-2.6875,-4.125,-3.1875,0.375,5.125,-0.1875,-5.4375,3.75,-1.9375,-3.5625,-0.6875,-1.6875,-4.1875,-3.125,0.4375,-0.4375,-1.875,-1.6875,-3.5625,-8.6875,-3.375,2.3125,4.375,4,0.9375,-1.3125,-4,-0.0625,-0.4375,-3.625,-3.0625,-10.3125,0,0,0,0
Action_16,GLY,13.4375,3.5625,22.4375,10.25,7.375,29.4375,30.5,29.4375,12.75,-4.75,-6.125,-0.875,-2.6875,-4.125,-3.1875,0.375,5.125,-0.1875,-5.4375,3.75,-1.9375,-3.5625,-0.6875,-1.6875,-4.1875,-3.125,0.4375,-0.4375,-1.875,-1.6875,-3.5625,-8.6875,-3.375,2.3125,4.375,4,0.9375,-1.3125,-4,-0.0625,-0.4375,-3.625,-3.0625,-10.3125,0,0,0,0
Action_16,GLZ,13.4375,3.5625,22.4375,10.25,7.375,29.4375,30.5,29.4375,12.75,-4.75,-6.125,-0.875,-2.6875,-4.125,-3.1875,0.375,5.125,-0.1875,-5.4375,3.75,-1.9375,-3.5625,-0.6875,-1.6875,-4.1875,-3.125,0.4375,-0.4375,-1.875,-1.6875,-3.5625,-8.6875,-3.375,2.3125,4.375,4,0.9375,-1.3125,-4,-0.0625,-0.4375,-3.625,-3.0625,-10.3125,0,0,0,0
Action_16,GRX,-2.9375,-0.75,-2.75,-15.1875,-18.5625,-63.1875,-17.25,-1.6875,-8.0625,-28.3125,-26.5,-14.375,-18.875,-16.625,-13.0625,-13.9375,-25.5,-46.5,-17.6875,-22.3125,0.375,-14.5,-0.4375,0.75,-6.8125,0.6875,-1.625,-6.3125,-9.25,-16.1875,12,8.375,29.6875,40.1875,16.375,36.3125,7.875,1.5,1.875,6.875,-4.75,-3.8125,10.25,19.125,0,0,0,0
Action_16,GRY,-2.9375,-0.75,-2.75,-15.1875,-18.5625,-63.1875,-17.25,-1.6875,-8.0625,-28.3125,-26.5,-14.375,-18.875,-16.625,-13.0625,-13.9375,-25.5,-46.5,-17.6875,-22.3125,0.375,-14.5,-0.4375,0.75,-6.8125,0.6875,-1.625,-6.3125,-9.25,-16.1875,12,8.375,29.6875,40.1875,16.375,36.3125,7.875,1.5,1.875,6.875,-4.75,-3.8125,10.25,19.125,0,0,0,0
Action_16,GRZ,-2.9375,-0.75,-2.75,-15.1875,-18.5625,-63.1875,-17.25,-1.6875,-8.0625,-28.3125,-26.5,-14.375,-18.875,-16.625,-13.0625,-13.9375,-25.5,-46.5,-17.6875,-22.3125,0.375,-14.5,-0.4375,0.75,-6.8125,0.6875,-1.625,-6.3125,-9.25,-16.1875,12,8.375,29.6875,40.1875,16.375,36.3125,7.875,1.5,1.875,6.875,-4.75,-3.8125,10.25,19.125,0,0,0,0
Action_16,ORL,2.953005,3.007959,3.075618,3.12905,3.238909,3.304736,3.38498,3.468252,3.507095,3.511405,3.499262,3.499396,3.495122,3.480683,3.474834,3.477519,3.481466,3.476366,3.478081,3.477054,3.473877,3.475008,3.470483,3.463684,3.459966,3.458904,3.457575,3.453517,3.451389,3.450422,3.441812,3.426944,3.422107,3.424639,3.439449,3.447467,3.449931,3.448181,3.443082,3.442026,3.439301,3.436883,3.433407,3.420834,0,0,0,0
Action_16,OPL,3.205236,3.256271,3.312505,3.38223,3.513687,3.640685,3.814206,4.144335,4.385462,4.574308,4.686559,4.716681,4.723628,4.719635,4.718262,4.725981,4.741014,4.754688,4.765055,4.766256,4.769568,4.775607,4.780503,4.779881,4.778657,4.776833,4.775198,4.771972,4.773485,4.78364,4.795284,4.80928,4.823535,4.836355,4.84427,4.840853,4.835378,4.832464,4.831666,4.83263,4.835351,4.832002,4.809546,4.762486,0,0,0,0
Action_16,OYL,2.918601,2.88239,2.840345,2.788969,2.712093,2.662733,2.623123,2.584093,2.566038,2.552885,2.539424,2.540719,2.545023,2.547039,2.54896,2.556839,2.571367,2.580863,2.584959,2.585207,2.582922,2.579935,2.579452,2.580499,2.579428,2.579515,2.575899,2.56774,2.566961,2.574326,2.581772,2.589099,2.596035,2.598503,2.588116,2.57703,2.571169,2.571501,2.572349,2.575421,2.578444,2.579882,2.577835,2.583484,0,0,0,0
Action_16,ORR,7.049248,7.045801,7.043976,7.039843,7.033292,6.985646,6.915699,6.891246,6.895297,6.887593,6.827466,6.802043,6.774147,6.743845,6.721453,6.699299,6.663122,6.554499,6.521512,6.484087,6.466245,6.456224,6.450734,6.451826,6.450356,6.446101,6.437749,6.433179,6.426266,6.430665,6.447206,6.474302,6.540557,6.576595,6.640941,6.703972,6.718492,6.74943,6.7752,6.77489,6.779446,6.781884,6.798138,6.820793,0,0,0,0
Action_16,OPR,3.084688,3.085045,3.086519,3.091532,3.102188,3.135906,3.196452,3.289705,3.333195,3.362564,3.423899,3.505537,3.600143,3.755965,3.921715,4.135459,4.396489,4.790389,5.084363,5.316675,5.516918,5.584705,5.626957,5.627415,5.615971,5.610363,5.609726,5.594406,5.53372,5.381156,5.245262,5.079494,4.845036,4.657173,4.465883,4.236647,4.092429,3.985569,3.895934,3.856621,3.853788,3.865285,3.851849,3.78704,0,0,0,0
Action_16,OYR,0.1280714,0.1293387,0.1278949,0.1147388,0.08832733,0.05475154,0.06271456,0.07866699,0.06114504,0.03383456,0.002537691,0.002995849,9.999047,9.989146,9.987102,9.986887,9.980118,9.975552,9.983305,0.004065044,0.03198188,0.04666394,0.05962156,0.06751361,0.07125736,0.06761345,0.06168907,0.06492434,0.1032163,0.2242735,0.3352943,0.4104616,0.4591034,0.4695033,0.4531007,0.4293774,0.4101103,0.3857991,0.3652286,0.3607435,0.3530843,0.3364452,0.3236659,0.3307047,0,0,0,0
Action_17,ALX,0.7998047,0.5458984,0.5024414,0.5,0.4086914,0.3027344,0.2685547,0.3613281,0.2333984,0.2631836,0.2714844,0.25,0.1894531,0.1943359,0.2158203,0.2041016,0.190918,0.2006836,0.1914063,0.1835938,0.1914063,0.1450195,0.1518555,0.1430664,0.1533203,0.159668,0.1357422,0.1435547,0.1416016,0.137207,0.1445313,0.1391602,0.1201172,0.1225586,0.1162109,0.1098633,0.2241211,0.4106445,0.7290039,0.8349609,1.125977,1.154297,0.9667969,0.8164063,0,0,0,0
Action_17,ALY,-0.6582031,-0.6455078,-0.6425781,-0.6625977,-0.7182617,-0.7133789,-0.7631836,-0.7260742,-0.746582,-0.8007813,-0.8442383,-0.8242188,-0.831543,-0.8168945,-0.8212891,-0.8378906,-0.8354492,-0.8208008,-0.8173828,-0.8203125,-0.8476563,-0.8442383,-0.8696289,-0.8491211,-0.8178711,-0.8266602,-0.8310547,-0.8417969,-0.8676758,-0.8491211,-0.8393555,-0.8413086,-0.8320313,-0.8271484,-0.8037109,-0.7241211,-0.6206055,-0.6835938,-0.7919922,-0.6147461,-0.2802734,-0.3730469,-0.3867188,-0.5068359,0,0,0,0
Action_17,ALZ,0.3999023,0.4384766,0.4516602,0.5332031,0.5263672,0.5288086,0.574707,0.503418,0.5703125,0.5664063,0.5727539,0.5708008,0.5551758,0.5556641,0.5649414,0.5625,0.5507813,0.5527344,0.5595703,0.559082,0.5498047,0.550293,0.5507813,0.5454102,0.5556641,0.5610352,0.5693359,0.5629883,0.5551758,0.5698242,0.5595703,0.5517578,0.5595703,0.5742188,0.5878906,0.53125,0.4589844,0.4550781,0.4208984,0.2548828,0.04296875,-0.2255859,0.1083984,0.1933594,0,0,0,0
Action_17,ARX,0.8662109,0.8974609,0.8901367,0.8413086,0.7202148,0.659668,0.4550781,0.3164063,0.3056641,0.3046875,0.2177734,0.1865234,0.08349609,0.015625,-0.1298828,-0.2075195,-0.3251953,-0.3574219,-0.3935547,-0.4296875,-0.4316406,-0.3916016,-0.3305664,-0.2675781,-0.2661133,-0.1708984,0.01611328,0.2036133,0.4316406,0.6254883,0.6757813,0.5893555,0.5708008,0.5415039,0.5087891,0.4609375,0.4868164,0.6655273,0.9956055,1.062012,1.001953,0.8388672,0.8105469,0.8945313,0,0,0,0
Action_17,ARY,0.4350586,0.4443359,0.5009766,0.5961914,0.6860352,0.7070313,0.7631836,0.7426758,0.7597656,0.7958984,0.8842773,0.9165039,0.9375,0.9130859,0.8676758,0.8149414,0.7548828,0.7255859,0.7250977,0.706543,0.7241211,0.7109375,0.7368164,0.7060547,0.6816406,0.6865234,0.8603516,0.9199219,0.8979492,0.8237305,0.8056641,0.7568359,0.7407227,0.7109375,0.6987305,0.6220703,0.6489258,0.6801758,0.394043,0.3842773,0.3530273,0.4584961,0.4189453,0.3540039,0,0,0,0
Action_17,ARZ,0.1625977,0.1811523,0.1962891,0.2861328,0.3364258,0.4189453,0.4223633,0.4091797,0.4145508,0.4619141,0.4780273,0.5019531,0.5170898,0.5273438,0.503418,0.5395508,0.515625,0.5126953,0.5195313,0.5195313,0.534668,0.5356445,0.5429688,0.5649414,0.5517578,0.5224609,0.5292969,0.4853516,0.4399414,0.4116211,0.3881836,0.3862305,0.4160156,0.421875,0.3769531,0.3725586,0.2807617,0.3007813,0.1899414,0.0078125,0.09228516,0.1933594,0.140625,0.1313477,0,0,0,0
Action_17,EMG0L,-2,1,-5,-5,-4,15,3,-5,0,14,26,-8,-4,-6,-5,27,13,-6,6,-5,-9,12,-14,-16,-7,0,-9,8,30,2,-44,6,-27,19,-19,4,-3,4,-4,-3,5,2,0,0,0,0,0,0
Action_17,EMG1L,-16,5,-38,0,4,-1,26,-15,0,-16,13,-31,-7,1,-5,-6,13,-1,2,8,-1,1,-13,11,-16,-3,5,-6,4,12,-12,3,-3,0,-10,3,-7,1,-1,-3,-1,-11,-4,-14,0,0,0,0
Action_17,EMG2L,-4,-2,-2,8,42,9,-4,-12,-27,5,14,22,10,2,-10,-37,16,-21,-9,1,-1,-20,-60,-47,31,12,1,16,-33,91,-11,2,-9,3,-24,38,-13,-1,2,-11,-2,-10,1,-13,0,0,0,0
Action_17,EMG3L,1,-2,1,1,-2,6,-5,-2,-4,-7,1,1,-2,1,-1,2,1,5,-1,3,0,9,-1,3,-4,-3,4,-2,-3,3,-3,-3,1,-1,-3,-2,3,-1,-2,1,-1,-2,-1,0,0,0,0,0
Action_17,EMG4L,4,-2,-9,4,1,4,-5,0,-2,-9,0,4,-6,-3,0,2,3,1,-6,5,4,2,-5,1,-1,-4,3,3,-3,-12,2,-4,3,2,-3,-6,5,2,-2,4,1,2,-3,-1,0,0,0,0
Action_17,EMG5L,-3,3,-8,7,-5,11,-8,-7,5,-14,5,14,-8,-7,5,1,7,11,-6,1,2,3,-14,15,-3,-16,23,13,-1,-15,10,-8,-1,0,0,-10,4,6,-1,8,7,9,-13,2,0,0,0,0
Action_17,EMG6L,12,16,29,15,-33,8,7,-11,12,-3,22,-12,11,-13,-7,34,29,63,-27,24,3,22,33,-19,-3,-37,-10,19,16,-31,12,5,-5,51,-26,-22,-2,19,53,-1,51,6,-62,2,0,0,0,0
Action_17,EMG7L,3,7,0,-5,-6,13,-41,19,15,-9,-23,25,11,-12,-12,31,2,-5,-18,-11,-2,13,4,16,11,-5,4,13,15,3,8,-25,-2,29,-14,-6,1,10,-2,4,13,7,-19,-1,0,0,0,0
Action_17,EMG0R,28,-4,-9,24,-7,-22,-12,-12,-2,8,-23,-12,7,-11,-15,-16,-6,1,8,-12,46,-1,2,-18,-8,-5,-7,-38,1,-14,-6,24,-2,1,2,-5,-1,-25,-2,-5,-15,-7,-4,-8,0,0,0,0
Action_17,EMG1R,-10,7,5,-6,-17,-29,-25,-6,-16,-14,1,-8,-11,1,-2,4,7,15,10,2,-8,2,-2,-4,5,-1,-2,2,-5,3,2,5,-8,2,1,-2,2,-2,1,-1,-9,3,-3,-5,0,0,0,0
Action_17,EMG2R,-7,13,14,-5,-22,-24,-16,-3,-3,-10,2,-12,-10,1,-10,5,5,10,8,-2,-5,5,0,-1,9,-1,-5,0,3,3,-2,6,-3,0,-2,0,2,2,0,0,-5,3,-1,-4,0,0,0,0
Action_17,EMG3R,2,9,-1,2,-5,-7,0,-3,-4,-2,10,-1,1,-2,-2,5,3,10,7,2,-7,33,-12,5,-1,17,-9,0,-5,13,6,13,-15,12,0,-2,-2,-2,-2,1,-3,1,-3,-1,0,0,0,0
Action_17,EMG4R,16,5,13,-6,5,-1,-13,8,2,0,21,-1,-10,10,-1,-23,21,7,-3,8,-9,21,-13,-9,-9,8,4,-14,11,8,32,14,-13,12,0,-2,-3,-17,0,4,-2,3,-2,-1,0,0,0,0
Action_17,EMG5R,-10,10,3,-16,17,12,6,-6,8,-1,8,-4,0,-25,4,10,-5,-11,-28,12,5,-2,12,-95,10,-10,-3,-1,1,-11,-2,-1,7,11,-4,1,-6,-1,7,4,7,-6,-6,-4,0,0,0,0
Action_17,EMG6R,1,-5,-7,-16,-3,0,11,0,-3,4,13,-10,-8,8,-2,15,0,1,8,19,17,11,7,-19,-13,5,-21,-3,10,-56,-7,2,-10,5,-3,-3,-3,1,-3,16,-2,-11,-2,-2,0,0,0,0
Action_17,EMG7R,-6,8,3,-3,7,-17,-15,7,-13,-4,4,10,0,5,7,-1,-11,7,-10,2,8,-8,-6,-10,4,-1,2,-31,20,-10,-1,16,-3,1,6,-1,-1,-13,0,-3,0,0,-6,14,0,0,0,0
Action_17,GLX,16.9375,10.1875,0.4375,17.6875,2.1875,-10.4375,-9.3125,2.3125,-4.25,0.6875,-1.25,0.8125,-1.8125,-7.125,-2.5,-1.125,-2.75,-3.4375,-2.1875,1,1.3125,0.8125,4.5,-5.4375,-4.1875,-4.4375,5.125,8.625,3.8125,-1.9375,-0.1875,-1.25,-5.875,-2.9375,1.4375,3.3125,-25.4375,-52.125,-26.75,-39,-33.0625,-7.0625,21.5625,-9.625,0,0,0,0
Action_17,GLY,16.9375,10.1875,0.4375,17.6875,2.1875,-10.4375,-9.3125,2.3125,-4.25,0.6875,-1.25,0.8125,-1.8125,-7.125,-2.5,-1.125,-2.75,-3.4375,-2.1875,1,1.3125,0.8125,4.5,-5.4375,-4.1875,-4.4375,5.125,8.625,3.8125,-1.9375,-0.1875,-1.25,-5.875,-2.9375,1.4375,3.3125,-25.4375,-52.125,-26.75,-39,-33.0625,-7.0625,21.5625,-9.625,0,0,0,0
Action_17,GLZ,16.9375,10.1875,0.4375,17.6875,2.1875,-10.4375,-9.3125,2.3125,-4.25,0.6875,-1.25,0.8125,-1.8125,-7.125,-2.5,-1.125,-2.75,-3.4375,-2.1875,1,1.3125,0.8125,4.5,-5.4375,-4.1875,-4.4375,5.125,8.625,3.8125,-1.9375,-0.1875,-1.25,-5.875,-2.9375,1.4375,3.3125,-25.4375,-52.125,-26.75,-39,-33.0625,-7.0625,21.5625,-9.625,0,0,0,0
Action_17,GRX,2.625,-17.6875,-10.375,-16.375,-24.6875,-27.5,-11.375,-1.8125,3.625,-0.3125,-2.125,-9.0625,-8.1875,-16.0625,-10.6875,-14.5,-15.25,-10.5,-13.4375,-13.4375,-11.4375,-4.125,-6.8125,-6.625,8.3125,20.75,26.1875,21.125,11.125,-1.4375,-5.375,0.5,3.125,-2.6875,-0.0625,17.1875,36.9375,1.25,7.25,-19.625,14.625,-19.0625,-40.5625,-12.6875,0,0,0,0
Action_17,GRY,2.625,-17.6875,-10.375,-16.375,-24.6875,-27.5,-11.375,-1.8125,3.625,-0.3125,-2.125,-9.0625,-8.1875,-16.0625,-10.6875,-14.5,-15.25,-10.5,-13.4375,-13.4375,-11.4375,-4.125,-6.8125,-6.625,8.3125,20.75,26.1875,21.125,11.125,-1.4375,-5.375,0.5,3.125,-2.6875,-0.0625,17.1875,36.9375,1.25,7.25,-19.625,14.625,-19.0625,-40.5625,-12.6875,0,0,0,0
Action_17,GRZ,2.625,-17.6875,-10.375,-16.375,-24.6875,-27.5,-11.375,-1.8125,3.625,-0.3125,-2.125,-9.0625,-8.1875,-16.0625,-10.6875,-14.5,-15.25,-10.5,-13.4375,-13.4375,-11.4375,-4.125,-6.8125,-6.625,8.3125,20.75,26.1875,21.125,11.125,-1.4375,-5.375,0.5,3.125,-2.6875,-0.0625,17.1875,36.9375,1.25,7.25,-19.625,14.625,-19.0625,-40.5625,-12.6875,0,0,0,0
Action_17,ORL,3.340065,3.438469,3.460705,3.507939,3.517588,3.511915,3.491904,3.517769,3.474319,3.471555,3.465732,3.466489,3.458112,3.449012,3.441654,3.43986,3.436786,3.429909,3.426707,3.43089,3.43036,3.434656,3.433272,3.426765,3.419395,3.412099,3.422134,3.436981,3.443045,3.446002,3.445542,3.441645,3.434578,3.430325,3.433659,3.443811,3.417934,3.343438,3.259407,3.177731,2.886621,2.679932,2.59009,2.637693,0,0,0,0
Action_17,OPL,3.579889,3.880824,4.017777,4.25138,4.3993,4.530633,4.59639,4.440668,4.628064,4.623287,4.619921,4.620505,4.638202,4.65159,4.662112,4.677579,4.688468,4.704451,4.711798,4.713613,4.713099,4.718576,4.742128,4.765301,4.775991,4.774778,4.769668,4.770031,4.774292,4.779106,4.783941,4.786662,4.78515,4.780235,4.772802,4.742644,4.544659,4.282053,3.958937,3.634933,3.227517,3.099075,2.983053,2.984385,0,0,0,0
Action_17,OYL,2.798659,2.710405,2.679701,2.649706,2.651707,2.645218,2.624401,2.651325,2.595505,2.58942,2.586313,2.584728,2.586817,2.589016,2.595031,2.596164,2.595567,2.59281,2.591752,2.592076,2.593393,2.598977,2.625699,2.642893,2.647477,2.643942,2.637804,2.634774,2.629092,2.615333,2.610298,2.612846,2.614169,2.614054,2.619478,2.639022,2.651046,2.650375,2.677727,2.739039,2.958798,3.158489,3.349317,3.296218,0,0,0,0
Action_17,ORR,6.930938,6.891676,6.852973,6.811766,6.764984,6.719731,6.703453,6.699784,6.712423,6.70948,6.703505,6.691899,6.677619,6.663724,6.62709,6.601847,6.568929,6.5509,6.532785,6.509316,6.490371,6.478772,6.471631,6.471238,6.499065,6.545477,6.608559,6.647601,6.67378,6.697481,6.71138,6.726829,6.729972,6.726408,6.729662,6.740559,6.788797,6.818362,6.89347,7.025149,7.124018,7.101462,7.084708,7.097752,0,0,0,0
Action_17,OPR,3.284559,3.336215,3.41207,3.52834,3.742061,3.934756,4.144075,4.332692,4.501081,4.569827,4.644276,4.713564,4.820027,4.91296,5.18564,5.344395,5.528939,5.63089,5.697673,5.741658,5.760606,5.747417,5.677824,5.560479,5.378813,5.112642,4.729277,4.482928,4.289276,4.107291,4.033223,3.999215,4.001278,4.018149,4.026795,3.989072,3.885806,3.687155,3.403633,3.228393,3.09961,3.078413,3.067597,3.049441,0,0,0,0
Action_17,OYR,0.06310577,0.0753034,0.1019692,0.1229838,0.1230848,0.1124073,0.0982014,0.08469659,0.07668056,0.07825957,0.08556838,0.09189399,0.09514542,0.09501327,0.0892875,0.08904039,0.09770278,0.1087565,0.119471,0.1250699,0.1272936,0.1302128,0.1499383,0.1934248,0.2648795,0.3592712,0.4548656,0.4702628,0.4585709,0.4224118,0.3978835,0.3850504,0.3817348,0.3771631,0.3695891,0.3723749,0.3818519,0.3847948,0.2805851,0.1160973,0.01036877,0.0243894,9.977019,9.919227,0,0,0,0
Action_18,ALX,0.9414063,0.9233398,0.9287109,0.9467773,0.9145508,0.9248047,0.9321289,0.9355469,0.9345703,0.9394531,1.006348,1.016602,0.8422852,0.5717773,0.359375,0.3525391,0.359375,0.2734375,0.2202148,0.2001953,0.1743164,0.1601563,0.1079102,0.1694336,0.1953125,0.1362305,0.1386719,0.1552734,0.1333008,0.1137695,0.1225586,0.09912109,0.1108398,0.109375,0.1010742,0.08984375,0.09570313,0.09667969,0.1147461,0.09472656,0.09326172,0.1118164,0.09716797,0.09472656,0,0,0,0
Action_18,ALY,-0.3569336,-0.3686523,-0.3500977,-0.3554688,-0.3720703,-0.3754883,-0.3574219,-0.3666992,-0.3823242,-0.3916016,-0.4921875,-0.4970703,-0.625,-0.7128906,-0.6894531,-0.7280273,-0.7675781,-0.7675781,-0.7661133,-0.7998047,-0.8291016,-0.8393555,-0.8564453,-0.8525391,-0.8598633,-0.8203125,-0.8222656,-0.8398438,-0.8535156,-0.847168,-0.840332,-0.8203125,-0.8198242,-0.8251953,-0.8413086,-0.8461914,-0.8422852,-0.8383789,-0.8393555,-0.8110352,-0.8154297,-0.8457031,-0.8339844,-0.8261719,0,0,0,0
Action_18,ALZ,0.05224609,0.04785156,0.05175781,0.05615234,0.07177734,0.06152344,0.06640625,0.06738281,0.06787109,0.015625,0.1235352,0.1679688,0.355957,0.4355469,0.4438477,0.4536133,0.4819336,0.4785156,0.5185547,0.5493164,0.5678711,0.5283203,0.5571289,0.5385742,0.5595703,0.5771484,0.5732422,0.5595703,0.5854492,0.5649414,0.5644531,0.5761719,0.5698242,0.581543,0.574707,0.5737305,0.5825195,0.5717773,0.5737305,0.5761719,0.5893555,0.5830078,0.5712891,0.5727539,0,0,0,0
Action_18,ARX,0.8881836,0.8793945,0.8901367,0.8916016,0.8833008,0.894043,0.8852539,0.8916016,0.8881836,0.902832,0.9350586,0.8920898,0.7993164,0.7329102,0.7612305,0.7939453,0.8041992,0.7817383,0.7241211,0.6831055,0.5981445,0.5361328,0.5043945,0.4863281,0.3271484,0.121582,-0.08740234,-0.206543,-0.2597656,-0.2915039,-0.3930664,-0.3618164,-0.4179688,-0.3833008,-0.2919922,-0.3134766,-0.28125,-0.03564453,-0.1367188,0.07177734,0.3032227,0.4731445,0.4418945,0.5024414,0,0,0,0
Action_18,ARY,0.387207,0.3896484,0.3881836,0.3959961,0.3959961,0.3989258,0.3964844,0.3935547,0.394043,0.3935547,0.4155273,0.4633789,0.5180664,0.5317383,0.53125,0.5219727,0.5351563,0.565918,0.6269531,0.6660156,0.7299805,0.7285156,0.7797852,0.862793,0.9033203,0.8574219,0.7871094,0.7314453,0.7167969,0.7211914,0.6865234,0.7231445,0.762207,0.7421875,0.746582,0.7177734,0.6787109,0.8291016,0.8056641,0.8774414,0.8510742,0.862793,0.809082,0.7084961,0,0,0,0
Action_18,ARZ,0.1049805,0.09521484,0.1118164,0.1137695,0.1162109,0.1132813,0.1118164,0.1103516,0.1181641,0.112793,0.0859375,0.1728516,0.2456055,0.2470703,0.2631836,0.2587891,0.246582,0.2792969,0.3237305,0.362793,0.4023438,0.3818359,0.4555664,0.4956055,0.543457,0.5639648,0.5551758,0.5151367,0.5151367,0.550293,0.5625,0.5795898,0.5615234,0.565918,0.5825195,0.5629883,0.5649414,0.5908203,0.5175781,0.4960938,0.5112305,0.453125,0.4233398,0.4047852,0,0,0,0
Action_18,EMG0L,-1,6,5,-12,19,4,6,4,7,-5,11,-5,-3,-5,3,10,-35,17,-25,24,10,3,2,4,13,6,-11,10,4,14,17,-6,-12,16,-21,7,15,2,-2,25,11,-8,-9,11,0,0,0,0
Action_18,EMG1L,-2,-1,-4,2,1,2,1,2,-8,2,8,-8,-9,4,2,11,-19,26,-7,6,-6,6,-17,1,11,-1,-16,3,-6,17,1,-10,2,5,-5,0,2,-12,-1,6,1,-20,1,0,0,0,0,0
Action_18,EMG2L,12,-4,8,2,2,0,9,11,-6,29,8,-20,21,37,14,-8,-7,23,-30,-50,-26,34,-15,-27,10,-21,-3,-3,-27,0,-26,7,-3,9,10,-14,-13,42,-10,-29,36,-16,11,-14,0,0,0,0
Action_18,EMG3L,0,-1,0,0,1,-2,2,0,2,6,7,-8,4,-9,2,2,-6,-4,1,5,-1,0,-2,-1,1,-1,-1,5,-6,6,-9,-6,-1,0,-2,-2,-1,-12,-4,-5,3,-7,-3,2,0,0,0,0
Action_18,EMG4L,-3,-2,-1,1,4,-2,0,2,2,1,22,5,0,-18,1,15,-5,-9,6,8,1,-3,-14,-5,3,3,-1,4,-6,8,-8,-8,-1,3,6,-8,3,-8,-1,-10,3,-3,-6,9,0,0,0,0
Action_18,EMG5L,-4,1,4,0,5,1,6,4,5,11,45,16,8,-25,0,-4,-8,-5,-27,13,0,-3,-30,-5,1,5,-5,2,0,10,-8,-6,-1,14,4,-6,-9,7,-4,-14,5,5,-6,17,0,0,0,0
Action_18,EMG6L,3,10,4,-36,2,23,9,-3,-1,-27,17,18,35,-22,51,3,-14,11,-28,-19,-51,2,-4,-38,4,-23,-4,-33,-18,-5,-57,-33,16,2,-64,27,24,18,19,-66,-22,57,8,7,0,0,0,0
Action_18,EMG7L,-4,10,-7,-26,0,23,-1,-15,3,-18,10,-17,-4,-17,-5,24,-36,1,9,44,-17,-6,-12,-6,10,-6,17,31,-7,-2,20,39,-24,-2,26,4,4,-9,5,-5,19,1,3,19,0,0,0,0
Action_18,EMG0R,-32,-9,14,-4,-15,-1,-18,37,-9,2,-20,28,18,-14,10,-46,7,30,-29,5,-3,0,8,2,9,-13,-9,-4,-2,16,1,-13,9,-5,6,-6,23,18,-3,26,0,-21,32,-50,0,0,0,0
Action_18,EMG1R,2,-7,-10,-4,2,1,4,7,-7,-1,-2,1,-3,5,-1,-2,-4,-1,1,1,1,-7,-9,3,-10,7,-7,-9,-14,13,-10,1,-11,-4,3,0,-1,10,5,8,-4,-11,-7,-7,0,0,0,0
Action_18,EMG2R,0,-3,-6,-4,0,0,1,3,-7,0,-3,-2,-3,3,-2,-2,-6,3,2,3,3,-6,-1,2,-10,8,-4,3,-11,13,-4,1,-1,-6,2,-2,-6,9,2,6,-2,-8,-5,-5,0,0,0,0
Action_18,EMG3R,2,1,-3,-2,-1,0,0,3,-4,-1,-3,-4,0,1,-2,3,-7,1,1,2,1,-5,5,23,2,-3,-7,2,-6,11,-4,4,2,8,-3,5,-2,9,2,-3,1,-6,-3,-4,0,0,0,0
Action_18,EMG4R,-1,2,-9,0,0,4,18,12,-1,5,-8,-6,5,0,-4,4,-5,7,6,6,4,4,-2,42,-14,-17,2,-1,-1,3,-11,0,-3,-3,-8,-3,-18,14,-1,2,7,-10,-10,7,0,0,0,0
Action_18,EMG5R,9,3,-6,27,-15,-2,-6,-8,6,0,9,-10,5,6,7,-17,10,4,2,-6,-7,-9,1,26,-9,4,-5,25,-8,-21,-10,2,-12,2,6,-16,16,9,-16,-23,-1,-2,13,-19,0,0,0,0
Action_18,EMG6R,-9,17,9,7,-5,-5,-8,12,-2,-7,15,-2,-8,10,6,8,-10,-6,0,-13,-20,-15,-8,9,2,10,-5,-7,-21,17,-30,15,-7,-19,15,6,8,-9,9,-1,-4,2,21,-22,0,0,0,0
Action_18,EMG7R,3,3,-5,-10,-2,11,2,6,-14,-4,9,7,-1,5,10,0,-2,-9,-3,-12,0,-9,-2,17,12,-13,-28,-23,-9,4,-21,13,-32,0,15,-9,19,21,11,7,2,-7,8,3,0,0,0,0
Action_18,GLX,0.25,-1.5,-0.5,2,-4.0625,-0.6875,0.4375,2.25,3.375,5.6875,38.75,32.125,16.75,25.3125,6.5625,2.8125,4.6875,-12.1875,-2.4375,-0.375,5.3125,11.9375,3.6875,4.625,-2.25,-0.8125,5.5,6.625,5.9375,1.0625,0.625,-1.5,-5.125,-0.3125,0.8125,1.625,0.3125,2.6875,-0.5625,0.1875,2,2.8125,0.9375,0.0625,0,0,0,0
Action_18,GLY,0.25,-1.5,-0.5,2,-4.0625,-0.6875,0.4375,2.25,3.375,5.6875,38.75,32.125,16.75,25.3125,6.5625,2.8125,4.6875,-12.1875,-2.4375,-0.375,5.3125,11.9375,3.6875,4.625,-2.25,-0.8125,5.5,6.625,5.9375,1.0625,0.625,-1.5,-5.125,-0.3125,0.8125,1.625,0.3125,2.6875,-0.5625,0.1875,2,2.8125,0.9375,0.0625,0,0,0,0
Action_18,GLZ,0.25,-1.5,-0.5,2,-4.0625,-0.6875,0.4375,2.25,3.375,5.6875,38.75,32.125,16.75,25.3125,6.5625,2.8125,4.6875,-12.1875,-2.4375,-0.375,5.3125,11.9375,3.6875,4.625,-2.25,-0.8125,5.5,6.625,5.9375,1.0625,0.625,-1.5,-5.125,-0.3125,0.8125,1.625,0.3125,2.6875,-0.5625,0.1875,2,2.8125,0.9375,0.0625,0,0,0,0
Action_18,GRX,-1.75,-0.375,-1,-1.3125,-0.125,-0.75,0.25,-1.0625,-0.9375,-1.75,-18.1875,-40.0625,-12.3125,0.375,0.25,-11.8125,-11.5625,-15.4375,-14.3125,-9.75,-20,-7.1875,-12.5,-13.6875,-13.125,-13.5,-24.5625,-20.5625,-19.125,-6.25,2.875,-11.9375,-9.8125,-5.3125,-4,6.5,24.5625,18.625,19.3125,22.0625,17.125,13,23.6875,17.875,0,0,0,0
Action_18,GRY,-1.75,-0.375,-1,-1.3125,-0.125,-0.75,0.25,-1.0625,-0.9375,-1.75,-18.1875,-40.0625,-12.3125,0.375,0.25,-11.8125,-11.5625,-15.4375,-14.3125,-9.75,-20,-7.1875,-12.5,-13.6875,-13.125,-13.5,-24.5625,-20.5625,-19.125,-6.25,2.875,-11.9375,-9.8125,-5.3125,-4,6.5,24.5625,18.625,19.3125,22.0625,17.125,13,23.6875,17.875,0,0,0,0
Action_18,GRZ,-1.75,-0.375,-1,-1.3125,-0.125,-0.75,0.25,-1.0625,-0.9375,-1.75,-18.1875,-40.0625,-12.3125,0.375,0.25,-11.8125,-11.5625,-15.4375,-14.3125,-9.75,-20,-7.1875,-12.5,-13.6875,-13.125,-13.5,-24.5625,-20.5625,-19.125,-6.25,2.875,-11.9375,-9.8125,-5.3125,-4,6.5,24.5625,18.625,19.3125,22.0625,17.125,13,23.6875,17.875,0,0,0,0
Action_18,ORL,2.732612,2.732405,2.737233,2.745275,2.752668,2.756527,2.763601,2.779202,2.807051,2.843117,2.950902,3.084919,3.212578,3.330123,3.382089,3.391125,3.399402,3.39567,3.392186,3.391226,3.402621,3.41722,3.432231,3.438988,3.432346,3.431277,3.44302,3.451303,3.45771,3.468229,3.464732,3.457926,3.453137,3.451683,3.45215,3.455955,3.457649,3.460321,3.45897,3.459736,3.464672,3.470875,3.473829,3.472793,0,0,0,0
Action_18,OPL,3.089614,3.092099,3.095396,3.097162,3.09694,3.098965,3.102243,3.109413,3.121903,3.143969,3.223382,3.343615,3.549617,3.892809,4.161269,4.374329,4.524422,4.659684,4.703474,4.716396,4.723324,4.73995,4.76836,4.76546,4.753663,4.751162,4.750584,4.749573,4.754546,4.786161,4.810223,4.831704,4.833977,4.830139,4.826622,4.829654,4.836757,4.845639,4.857497,4.858818,4.856077,4.850197,4.846131,4.840738,0,0,0,0
Action_18,OYL,3.18415,3.181314,3.176042,3.170978,3.157634,3.149067,3.144543,3.128852,3.10202,3.070334,2.994811,2.921711,2.806701,2.704871,2.66198,2.645231,2.639593,2.630751,2.614125,2.599375,2.601387,2.609632,2.617581,2.624762,2.624124,2.6236,2.633641,2.637031,2.636437,2.639483,2.643671,2.646151,2.644134,2.640525,2.637829,2.637423,2.638633,2.639465,2.64154,2.641202,2.637122,2.632754,2.631731,2.634805,0,0,0,0
Action_18,ORR,7.059207,7.058444,7.055385,7.054173,7.051806,7.051024,7.051333,7.050505,7.046376,7.038649,7.013215,6.899021,6.831625,6.814494,6.813685,6.807915,6.797118,6.776416,6.746219,6.724464,6.697956,6.687142,6.675137,6.652464,6.631982,6.606499,6.555165,6.516099,6.487726,6.474527,6.462875,6.452581,6.433899,6.424723,6.426974,6.437847,6.477629,6.542689,6.570445,6.60405,6.640325,6.677832,6.722956,6.753973,0,0,0,0
Action_18,OPR,3.175708,3.176009,3.176891,3.176665,3.174304,3.173953,3.17415,3.177239,3.18052,3.183967,3.200128,3.283386,3.374931,3.457256,3.531122,3.566768,3.59853,3.639327,3.714096,3.789904,3.922209,4.033374,4.153177,4.327373,4.51397,4.750325,5.100253,5.339851,5.508714,5.596663,5.645842,5.648808,5.655281,5.642195,5.59657,5.475988,5.329978,5.080724,4.92078,4.74257,4.516578,4.358251,4.193054,4.079201,0,0,0,0
Action_18,OYR,9.961523,9.962826,9.96325,9.962715,9.965047,9.966038,9.965921,9.965786,9.968723,9.974894,9.983867,0.02027322,0.05395797,0.06998584,0.07045676,0.06168651,0.0487949,0.04249436,0.04724871,0.05297588,0.04728397,0.03702189,0.02633054,0.01509579,0.01227351,0.0136127,0.009285897,0.006955676,0.0136516,0.01841721,0.02599407,0.03240325,0.03333736,0.03544434,0.04568873,0.103561,0.1716188,0.2524594,0.2965407,0.3195399,0.3207734,0.3108136,0.3102571,0.3050556,0,0,0,0
Action_19,ALX,0.918457,0.9121094,1.001953,1.059082,0.878418,0.6503906,0.3017578,0.2231445,0.3242188,0.3056641,0.2558594,0.2412109,0.2382813,0.2519531,0.2270508,0.2314453,0.1704102,0.1689453,0.1616211,0.1547852,0.1503906,0.1616211,0.175293,0.1674805,0.1582031,0.1474609,0.1533203,0.1650391,0.1513672,0.1972656,0.1650391,0.1616211,0.1748047,0.1591797,0.1660156,0.171875,0.1533203,0.1479492,0.1987305,0.2182617,0.5249023,0.4995117,0.7763672,1.039551,0,0,0,0
Action_19,ALY,-0.4345703,-0.3974609,-0.4404297,-0.4609375,-0.6328125,-0.6264648,-0.6362305,-0.6503906,-0.703125,-0.7080078,-0.7333984,-0.7592773,-0.8066406,-0.8193359,-0.8134766,-0.7851563,-0.7797852,-0.7880859,-0.7714844,-0.7617188,-0.7719727,-0.8032227,-0.8183594,-0.809082,-0.8081055,-0.809082,-0.8222656,-0.8212891,-0.8017578,-0.7924805,-0.7944336,-0.8027344,-0.8129883,-0.8066406,-0.8027344,-0.8007813,-0.7851563,-0.7460938,-0.6904297,-0.7348633,-0.7446289,-0.6762695,-0.6416016,-0.2915039,0,0,0,0
Action_19,ALZ,0.1264648,0.1425781,0.08740234,0.3100586,0.4560547,0.546875,0.4667969,0.4624023,0.5991211,0.6503906,0.5996094,0.597168,0.6303711,0.6459961,0.65625,0.6337891,0.5830078,0.5742188,0.6206055,0.6347656,0.6010742,0.5913086,0.5942383,0.5874023,0.6113281,0.5957031,0.5961914,0.6040039,0.5839844,0.5991211,0.6113281,0.6025391,0.597168,0.5898438,0.6088867,0.5888672,0.5805664,0.5444336,0.4814453,0.4345703,0.4853516,0.3969727,0.3779297,0.2001953,0,0,0,0
Action_19,ARX,0.8833008,0.8876953,0.9511719,0.8706055,0.8320313,0.8203125,0.7680664,0.7021484,0.6943359,0.7055664,0.6586914,0.6069336,0.5825195,0.5273438,0.4462891,0.4916992,0.453125,0.1503906,-0.04541016,-0.3051758,-0.2915039,-0.2397461,-0.347168,-0.3237305,-0.3046875,-0.2543945,-0.175293,-0.1962891,-0.03417969,0.1606445,0.5307617,0.5625,0.5117188,0.5283203,0.5292969,0.503418,0.4951172,0.4438477,0.4985352,0.6772461,0.7905273,0.8828125,1.008301,1.03418,0,0,0,0
Action_19,ARY,0.4150391,0.3999023,0.3847656,0.4541016,0.4833984,0.5102539,0.5336914,0.5737305,0.5756836,0.6020508,0.6333008,0.6943359,0.7285156,0.746582,0.7290039,0.847168,0.987793,0.9892578,0.8120117,0.6484375,0.6118164,0.6113281,0.7084961,0.7841797,0.7705078,0.7802734,0.7055664,0.7441406,0.7900391,0.8129883,0.8632813,0.9082031,0.8164063,0.7539063,0.7368164,0.706543,0.6948242,0.6499023,0.6640625,0.6679688,0.5703125,0.5146484,0.2744141,0.3427734,0,0,0,0
Action_19,ARZ,0.1494141,0.1489258,0.1225586,0.2138672,0.2373047,0.2509766,0.3115234,0.3310547,0.3364258,0.3652344,0.3657227,0.390625,0.4277344,0.4501953,0.4433594,0.472168,0.4902344,0.5493164,0.5805664,0.5737305,0.4882813,0.5126953,0.5610352,0.5932617,0.5629883,0.5800781,0.5605469,0.5585938,0.5615234,0.5102539,0.543457,0.5058594,0.4555664,0.4448242,0.440918,0.4243164,0.4145508,0.3994141,0.3144531,0.3100586,0.3071289,0.1977539,0.09326172,0.1347656,0,0,0,0
Action_19,EMG0L,-2,3,1,-7,8,-8,-16,-19,3,14,30,7,-7,-17,29,-30,-43,52,-5,-32,35,-51,-2,6,-21,37,15,18,22,20,5,-1,25,1,6,-21,-2,3,15,4,2,-2,-3,5,0,0,0,0
Action_19,EMG1L,0,5,12,0,14,10,-14,4,-2,6,40,-22,-5,-31,20,-12,-15,10,-29,9,4,-23,12,-22,-7,16,-5,-7,13,13,3,-10,6,-4,-6,2,-47,9,6,-2,-5,7,-4,-18,0,0,0,0
Action_19,EMG2L,9,9,20,-46,50,-40,-17,8,-18,-13,-36,-15,-20,-46,59,27,-35,20,-70,13,0,-14,-16,-60,30,7,28,-24,0,4,-12,-30,-52,-5,-39,115,-68,7,6,1,-3,4,-9,-8,0,0,0,0
Action_19,EMG3L,2,11,5,21,-8,9,8,-16,5,-7,-10,-3,-3,-13,8,17,-27,4,-9,9,-4,-11,1,-8,-9,-6,-4,6,3,3,6,-5,-37,-3,0,-2,-11,9,2,-1,0,0,0,0,0,0,0,0
Action_19,EMG4L,0,12,-9,46,-24,21,2,-7,-16,-7,0,4,-2,7,-3,2,-20,-2,-6,11,4,-12,4,-26,-16,-7,11,7,8,0,3,-6,-4,-3,-5,-17,-5,9,3,-1,0,-1,-4,3,0,0,0,0
Action_19,EMG5L,-3,5,-2,66,-16,31,-12,-14,-17,-4,14,-22,3,-8,18,-22,-30,-24,-12,19,9,-4,13,-32,-30,-14,20,5,11,11,8,-8,-5,4,7,-45,-10,22,14,4,5,-9,-16,10,0,0,0,0
Action_19,EMG6L,0,-32,9,2,6,38,81,53,104,-7,-83,40,28,-6,64,22,-32,-65,-4,28,-43,45,59,44,-51,-18,37,-13,-34,72,-14,8,-14,55,97,-64,-61,74,43,22,24,-8,-89,49,0,0,0,0
Action_19,EMG7L,-3,-8,3,10,11,-17,15,30,21,10,-5,36,5,-42,51,-14,20,35,-36,59,23,-12,11,-21,-9,-9,9,-4,-14,23,-30,-9,-7,-21,-5,6,-45,14,17,10,4,-4,-21,-1,0,0,0,0
Action_19,EMG0R,-2,-12,9,-25,-3,3,-13,9,4,-9,-3,9,-2,11,-8,9,-4,-30,1,-14,-4,40,4,-14,-13,-28,7,-38,-17,-2,3,-23,-10,-10,-10,4,-12,-20,11,8,7,-1,-3,2,0,0,0,0
Action_19,EMG1R,-2,-5,1,1,-1,1,-6,-2,-3,-4,-2,5,-1,-4,-6,-10,-1,-14,-13,-2,15,-7,-4,-6,7,2,2,0,-1,-6,17,-1,-8,-9,0,2,-4,-2,0,2,4,-2,-2,1,0,0,0,0
Action_19,EMG2R,0,-4,-3,-1,-4,-2,-4,2,-3,-6,-4,5,1,-3,-5,-3,-1,-18,-22,-1,6,-6,-3,-7,9,-1,7,-3,-1,-4,23,2,-5,-6,-6,-2,1,-2,-1,2,2,-1,-2,0,0,0,0,0
Action_19,EMG3R,-1,-15,-1,-9,-3,-5,15,-12,16,3,-12,-9,-9,1,8,0,2,-6,-27,2,-3,-5,1,-11,19,-16,40,-28,-10,-10,79,-4,-22,-1,-46,-4,9,-2,3,0,0,-1,-1,0,0,0,0,0
Action_19,EMG4R,-7,-22,23,13,-22,-35,21,-8,23,0,-8,-20,-1,24,8,1,-6,1,-15,11,8,27,18,30,12,-16,-9,-8,-26,-5,9,15,6,19,-58,6,3,-3,-2,1,1,0,-2,-2,0,0,0,0
Action_19,EMG5R,6,-5,3,-10,-20,4,11,5,-5,-2,6,3,-10,4,-8,-7,16,1,-4,-6,12,15,-20,-8,5,-18,-11,-8,2,24,-11,-21,3,-1,-18,3,-5,2,15,5,-3,0,0,5,0,0,0,0
Action_19,EMG6R,5,-10,-5,-26,-8,19,-13,-15,10,-2,-6,-3,8,1,-19,8,-4,3,-6,-29,35,-19,-9,10,-10,-10,-4,-7,3,8,0,-6,-3,21,-7,-6,3,-10,1,-8,13,-4,1,2,0,0,0,0
Action_19,EMG7R,3,0,2,-13,3,13,-2,-5,9,-8,-2,-8,12,-3,1,6,-25,2,-7,6,3,3,5,0,3,-13,1,-9,-13,-26,29,-16,8,3,-16,4,-4,-7,5,2,13,-2,7,-11,0,0,0,0
Action_19,GLX,17.625,11.0625,36.625,21.0625,27.875,24.25,27.1875,4.0625,-14.3125,-11.5625,-5.125,-4.0625,-0.4375,4.875,2.75,-2.3125,-1,-13.3125,-11,-4.9375,2.875,2.625,0.75,-2.9375,-0.9375,-1.9375,-0.4375,1.3125,-2.4375,-3.9375,0,1.375,0.5625,-0.8125,-1.3125,0.625,-3.0625,-7.875,-20.125,-30.9375,-14.75,-48.6875,6.25,-12.5,0,0,0,0
Action_19,GLY,17.625,11.0625,36.625,21.0625,27.875,24.25,27.1875,4.0625,-14.3125,-11.5625,-5.125,-4.0625,-0.4375,4.875,2.75,-2.3125,-1,-13.3125,-11,-4.9375,2.875,2.625,0.75,-2.9375,-0.9375,-1.9375,-0.4375,1.3125,-2.4375,-3.9375,0,1.375,0.5625,-0.8125,-1.3125,0.625,-3.0625,-7.875,-20.125,-30.9375,-14.75,-48.6875,6.25,-12.5,0,0,0,0
Action_19,GLZ,17.625,11.0625,36.625,21.0625,27.875,24.25,27.1875,4.0625,-14.3125,-11.5625,-5.125,-4.0625,-0.4375,4.875,2.75,-2.3125,-1,-13.3125,-11,-4.9375,2.875,2.625,0.75,-2.9375,-0.9375,-1.9375,-0.4375,1.3125,-2.4375,-3.9375,0,1.375,0.5625,-0.8125,-1.3125,0.625,-3.0625,-7.875,-20.125,-30.9375,-14.75,-48.6875,6.25,-12.5,0,0,0,0
Action_19,GRX,1.8125,-1.1875,-11.5625,-12.625,-28.6875,-20.25,-13.8125,-3.0625,0.0625,-6.0625,-11.75,-7.625,-4.25,-0.0625,0.875,-0.25,4.625,-5.875,-21,-29.6875,-15.4375,-23.125,-21.25,-22.0625,-17.4375,-18.25,11.625,11,14.625,24.8125,15.8125,4.625,6.3125,5.1875,1.1875,1.8125,1.125,11.9375,18.9375,17.375,-8.8125,-21.75,-25.5,20.9375,0,0,0,0
Action_19,GRY,1.8125,-1.1875,-11.5625,-12.625,-28.6875,-20.25,-13.8125,-3.0625,0.0625,-6.0625,-11.75,-7.625,-4.25,-0.0625,0.875,-0.25,4.625,-5.875,-21,-29.6875,-15.4375,-23.125,-21.25,-22.0625,-17.4375,-18.25,11.625,11,14.625,24.8125,15.8125,4.625,6.3125,5.1875,1.1875,1.8125,1.125,11.9375,18.9375,17.375,-8.8125,-21.75,-25.5,20.9375,0,0,0,0
Action_19,GRZ,1.8125,-1.1875,-11.5625,-12.625,-28.6875,-20.25,-13.8125,-3.0625,0.0625,-6.0625,-11.75,-7.625,-4.25,-0.0625,0.875,-0.25,4.625,-5.875,-21,-29.6875,-15.4375,-23.125,-21.25,-22.0625,-17.4375,-18.25,11.625,11,14.625,24.8125,15.8125,4.625,6.3125,5.1875,1.1875,1.8125,1.125,11.9375,18.9375,17.375,-8.8125,-21.75,-25.5,20.9375,0,0,0,0
Action_19,ORL,3.041461,3.078144,3.143567,3.256094,3.420579,3.493603,3.605429,3.623069,3.59148,3.580891,3.56986,3.56629,3.559608,3.557925,3.561607,3.562184,3.561352,3.54009,3.523819,3.519076,3.523308,3.527313,3.527379,3.521693,3.518633,3.515374,3.514861,3.515768,3.513972,3.504591,3.505477,3.514136,3.516439,3.514812,3.51335,3.514771,3.511596,3.500332,3.455448,3.397491,3.331491,3.227667,3.129667,2.995802,0,0,0,0
Action_19,OPL,3.165924,3.18952,3.268022,3.391987,3.672149,3.83869,4.189557,4.408557,4.557685,4.592418,4.609338,4.609326,4.608325,4.621345,4.64826,4.687353,4.729086,4.748039,4.743994,4.737835,4.736017,4.73731,4.739972,4.736075,4.729656,4.727551,4.729171,4.73512,4.747371,4.746668,4.744412,4.742295,4.738495,4.736292,4.734895,4.737108,4.737174,4.721551,4.62007,4.461687,4.220053,3.892941,3.591969,3.294609,0,0,0,0
Action_19,OYL,3.008381,3.007795,2.981861,2.898165,2.74923,2.682982,2.614406,2.603978,2.603177,2.594345,2.588183,2.588805,2.58969,2.592515,2.597312,2.606938,2.612154,2.605914,2.593073,2.577954,2.571079,2.563972,2.558127,2.557446,2.558036,2.558253,2.556981,2.55542,2.559644,2.567928,2.564918,2.547735,2.543736,2.543082,2.54467,2.549352,2.553984,2.561562,2.590868,2.637583,2.691908,2.780122,2.876179,3.04363,0,0,0,0
Action_19,ORR,6.931722,6.929828,6.909167,6.846494,6.76463,6.719664,6.687813,6.675546,6.67029,6.663448,6.646839,6.634328,6.630146,6.634695,6.640513,6.648507,6.654284,6.653641,6.623048,6.577201,6.539537,6.495708,6.466798,6.452404,6.442576,6.439235,6.449942,6.472683,6.494759,6.549958,6.599171,6.635018,6.661015,6.668123,6.674972,6.673334,6.675054,6.685772,6.734263,6.780986,6.792701,6.802949,6.823632,6.876919,0,0,0,0
Action_19,OPR,3.204936,3.201337,3.217607,3.263288,3.356986,3.441478,3.538885,3.640678,3.748803,3.811994,3.870211,3.95137,4.02168,4.10345,4.210585,4.281911,4.390778,4.685433,4.988377,5.325957,5.653997,5.725895,5.713007,5.617186,5.516932,5.412333,5.218509,5.02092,4.802122,4.526785,4.327981,4.19556,4.120867,4.102304,4.101737,4.10643,4.098762,4.068274,3.933373,3.784702,3.612307,3.434148,3.208658,3.091745,0,0,0,0
Action_19,OYR,9.929947,9.929376,9.938274,9.989886,0.02129619,0.02650359,0.03444975,0.03695868,0.03772494,0.03858354,0.03665006,0.02506173,0.01656283,0.006404269,9.991621,9.982419,9.991323,0.01740435,0.03312658,0.04671096,0.043118,0.04612122,0.07123885,0.1323599,0.2043814,0.2860034,0.3993172,0.4726282,0.5102565,0.5135598,0.4927054,0.4698561,0.4456194,0.4404404,0.4345466,0.433398,0.4333691,0.4317434,0.4284662,0.4101237,0.3960806,0.3448447,0.2428527,0.2044982,0,0,0,0
Action_20,ALX,0.04296875,0.03417969,0.04931641,0.04736328,0.04003906,0.04052734,0.05664063,0.0703125,0.05419922,0.03320313,0.03076172,0.04199219,0.05712891,0.05029297,0.05761719,0.05859375,0.05761719,0.03027344,0.03515625,0.04443359,0.05761719,0.03027344,0.03955078,0.05078125,0.04101563,0.03076172,0.02099609,0.03613281,0.0234375,0.04101563,0.1015625,0.2978516,0.6923828,0.8520508,1.169434,1.170898,1.062988,0.8920898,0.8745117,0.8979492,1.176758,1.131836,0.9643555,0.9150391,0,0,0,0
Action_20,ALY,-0.7910156,-0.8232422,-0.7983398,-0.8032227,-0.8398438,-0.8164063,-0.8203125,-0.8310547,-0.8339844,-0.8393555,-0.8339844,-0.8364258,-0.8310547,-0.8139648,-0.8291016,-0.8461914,-0.8334961,-0.8398438,-0.8364258,-0.8183594,-0.8081055,-0.8203125,-0.8496094,-0.8505859,-0.8510742,-0.8271484,-0.8110352,-0.8188477,-0.78125,-0.7114258,-0.625,-0.5766602,-0.815918,-0.5908203,-0.34375,-0.362793,-0.3754883,-0.53125,-0.390625,-0.3642578,-0.2294922,-0.07373047,-0.230957,-0.2402344,0,0,0,0
Action_20,ALZ,0.5922852,0.581543,0.59375,0.6049805,0.612793,0.5966797,0.5869141,0.6000977,0.5981445,0.581543,0.6064453,0.6015625,0.5947266,0.5888672,0.5776367,0.5786133,0.5751953,0.5878906,0.5878906,0.5844727,0.5952148,0.59375,0.5888672,0.5864258,0.5849609,0.5976563,0.5981445,0.5830078,0.5732422,0.5585938,0.4697266,0.4848633,0.4345703,0.3012695,-0.01367188,-0.2216797,0.009277344,0.1767578,0.2319336,0.2011719,-0.08837891,-0.1689453,0.05712891,0.1523438,0,0,0,0
Action_20,ARX,0.2592773,0.09521484,-0.06005859,-0.1811523,-0.25,-0.3222656,-0.3666992,-0.4287109,-0.4477539,-0.4501953,-0.4599609,-0.4697266,-0.4707031,-0.4091797,-0.3540039,-0.2548828,-0.3007813,-0.2333984,-0.1162109,-0.008789063,0.2495117,0.2744141,0.4316406,0.5317383,0.5166016,0.6420898,0.7558594,0.6889648,0.5405273,0.4804688,0.5117188,0.6044922,0.9526367,1.140625,1.135254,0.9301758,0.8842773,0.9433594,1.029785,0.5932617,1.016113,0.9370117,0.9418945,0.9594727,0,0,0,0
Action_20,ARY,0.8881836,0.9179688,0.8251953,0.75,0.7763672,0.7177734,0.7460938,0.7084961,0.7089844,0.7216797,0.6972656,0.6962891,0.6870117,0.7275391,0.7617188,0.7568359,0.7304688,0.7836914,0.8188477,0.8168945,0.8510742,0.8334961,0.8203125,0.746582,0.7260742,0.7792969,0.7363281,0.7319336,0.6816406,0.590332,0.605957,0.6826172,0.5517578,0.140625,0.2133789,0.3862305,0.3847656,0.3022461,0.1064453,0.3969727,-0.06835938,0.1220703,0.206543,0.2036133,0,0,0,0
Action_20,ARZ,0.5703125,0.578125,0.5776367,0.5239258,0.565918,0.5556641,0.5727539,0.5170898,0.5288086,0.53125,0.5419922,0.574707,0.5400391,0.5600586,0.5966797,0.5922852,0.5556641,0.5654297,0.6157227,0.5878906,0.5766602,0.4931641,0.4155273,0.4296875,0.4360352,0.4121094,0.3886719,0.4038086,0.3681641,0.3500977,0.3466797,0.2358398,0.1225586,0.007324219,0.007324219,0.2089844,0.1904297,0.1425781,0.3847656,-0.3916016,0.07470703,0.1904297,0.1660156,0.1196289,0,0,0,0
Action_20,EMG0L,-23,-3,-2,10,13,-26,30,-11,10,-3,-9,-31,-3,14,-28,-2,-26,-5,12,-8,3,-5,-19,2,25,-17,-10,-1,0,3,-1,1,-2,-4,0,-3,3,1,4,-6,0,-1,2,-2,0,0,0,0
Action_20,EMG1L,-18,4,1,-4,21,-6,13,-8,-1,-5,-10,-14,6,8,-8,6,6,-13,-2,-4,0,9,5,-16,8,-3,0,1,-15,-1,-2,-1,-1,-2,0,1,4,10,73,9,-2,-6,-3,10,0,0,0,0
Action_20,EMG2L,-19,22,1,22,7,-61,1,2,48,-53,-29,31,2,10,19,1,13,19,20,-23,3,-6,-10,-20,-5,7,10,25,-16,1,-3,-2,2,-1,-2,-3,1,-1,5,-1,0,-2,2,-1,0,0,0,0
Action_20,EMG3L,-13,0,-8,-4,0,0,3,-2,4,1,-6,-4,1,3,-5,-1,-2,0,1,-5,-1,1,-2,-7,1,4,-4,-1,0,0,-3,-2,4,0,-1,0,-1,0,2,-1,-3,1,-3,0,0,0,0,0
Action_20,EMG4L,-13,2,-7,-2,-2,5,5,-3,-7,6,-6,1,2,-3,-4,-2,1,-5,2,-10,3,-3,0,-4,-3,1,-2,-1,2,-1,-4,-3,6,0,-1,-5,-1,2,5,0,-4,1,-4,2,0,0,0,0
Action_20,EMG5L,-16,-4,3,-15,5,-5,10,-7,-5,9,-11,5,-1,0,-12,7,2,0,-2,-7,6,-7,-6,5,-6,-4,-2,4,7,-2,-6,-1,6,-1,-4,-4,5,0,4,-1,-4,3,-9,3,0,0,0,0
Action_20,EMG6L,-81,-31,17,-45,41,42,39,-18,19,20,18,-1,-11,-11,-16,-46,-5,23,11,11,17,-32,-7,-21,-56,10,16,22,18,-7,-8,3,11,-15,9,-8,11,1,7,-2,-5,8,-13,11,0,0,0,0
Action_20,EMG7L,-19,-8,9,-45,16,20,28,-40,-1,9,-23,-16,-1,13,-4,-28,-15,0,-1,0,8,6,-3,25,5,-46,-56,11,1,0,0,5,0,-8,7,-5,12,2,1,1,-2,-4,-6,5,0,0,0,0
Action_20,EMG0R,5,5,-21,8,-5,16,7,-13,-46,1,-4,-3,10,7,42,-21,19,3,-2,3,17,-17,13,32,2,-12,-13,-10,-42,-6,-56,-7,-5,53,-19,10,13,0,5,1,-4,1,8,2,0,0,0,0
Action_20,EMG1R,7,15,-6,8,-7,11,-3,-2,-9,0,4,6,2,-1,2,-3,2,-3,-6,3,0,11,0,6,3,-10,1,0,-35,-2,-10,10,3,-2,0,-1,-1,0,3,-1,-5,0,0,-2,0,0,0,0
Action_20,EMG2R,4,6,-2,3,3,11,0,1,-7,3,-1,-2,-4,3,-10,-4,0,-13,0,-3,-3,14,2,-5,4,-11,5,0,-17,-1,-3,6,1,1,-1,-1,-2,-4,0,-2,-5,-1,-1,-1,0,0,0,0
Action_20,EMG3R,-2,4,-1,-3,6,5,-7,5,-2,1,-11,-23,16,6,0,-12,-15,3,-18,2,13,15,10,-10,37,-11,10,-1,-3,-1,0,-1,0,-2,-3,0,-8,-2,-3,2,-5,0,-1,-1,0,0,0,0
Action_20,EMG4R,-5,-1,-7,-6,10,0,0,15,5,1,-4,-3,-3,4,-12,-16,-21,-22,-15,-37,1,4,4,5,3,-8,-2,-9,6,6,-1,-2,0,1,3,10,-33,16,-4,2,-11,-1,0,1,0,0,0,0
Action_20,EMG5R,1,4,2,-5,3,8,-5,7,2,-4,-3,-2,13,-41,7,-11,-37,-5,-34,-14,-6,39,9,2,25,-18,6,-23,3,-6,1,0,-4,0,9,5,10,-25,-12,6,-6,-1,-12,2,0,0,0,0
Action_20,EMG6R,-3,-6,7,7,4,7,-8,12,6,12,12,0,1,-1,4,-14,-21,-40,5,-11,8,23,0,49,-11,-5,6,6,-15,-12,2,5,5,-4,-3,3,17,5,0,-5,1,2,-1,-2,0,0,0,0
Action_20,EMG7R,-28,-5,-4,-7,4,-1,-3,16,3,-7,2,5,12,1,3,-28,18,-1,-9,-22,5,21,-4,14,10,-23,-7,12,-5,0,-7,-5,20,-6,-8,4,9,12,3,-3,2,0,4,-8,0,0,0,0
Action_20,GLX,9.375,0.25,-0.4375,1.4375,1.1875,-1.1875,-2,-1.5625,-0.9375,-2,-4.0625,-4.5625,-3.5625,-1,1.5625,-1.5,-0.5,-2.125,-3.75,-4.75,-1.3125,0.25,3.25,4.6875,1.0625,-2.0625,-0.375,1.3125,-2.5625,-13.5625,-34.875,-50.6875,-3.75,14.375,34.5625,25.3125,-25.25,-21.1875,7.0625,15.0625,20.0625,-13.375,-33.0625,-5.125,0,0,0,0
Action_20,GLY,9.375,0.25,-0.4375,1.4375,1.1875,-1.1875,-2,-1.5625,-0.9375,-2,-4.0625,-4.5625,-3.5625,-1,1.5625,-1.5,-0.5,-2.125,-3.75,-4.75,-1.3125,0.25,3.25,4.6875,1.0625,-2.0625,-0.375,1.3125,-2.5625,-13.5625,-34.875,-50.6875,-3.75,14.375,34.5625,25.3125,-25.25,-21.1875,7.0625,15.0625,20.0625,-13.375,-33.0625,-5.125,0,0,0,0
Action_20,GLZ,9.375,0.25,-0.4375,1.4375,1.1875,-1.1875,-2,-1.5625,-0.9375,-2,-4.0625,-4.5625,-3.5625,-1,1.5625,-1.5,-0.5,-2.125,-3.75,-4.75,-1.3125,0.25,3.25,4.6875,1.0625,-2.0625,-0.375,1.3125,-2.5625,-13.5625,-34.875,-50.6875,-3.75,14.375,34.5625,25.3125,-25.25,-21.1875,7.0625,15.0625,20.0625,-13.375,-33.0625,-5.125,0,0,0,0
Action_20,GRX,-13,-15.375,-15.0625,-14.5,-7,-7.375,-16.5,-12.125,-9.6875,-4.125,-2.5,-5,-6.5625,-4.375,-10.625,-10.5625,-7.75,4.0625,18.125,22.1875,13.8125,29.0625,29.6875,12.1875,8.1875,8.5625,1.0625,-7.375,-12.6875,-1.75,3.5625,13.4375,-34.25,-15.4375,31.875,36.4375,4,11.5,-40.3125,14.5,-18.0625,-13.4375,-17.6875,-16,0,0,0,0
Action_20,GRY,-13,-15.375,-15.0625,-14.5,-7,-7.375,-16.5,-12.125,-9.6875,-4.125,-2.5,-5,-6.5625,-4.375,-10.625,-10.5625,-7.75,4.0625,18.125,22.1875,13.8125,29.0625,29.6875,12.1875,8.1875,8.5625,1.0625,-7.375,-12.6875,-1.75,3.5625,13.4375,-34.25,-15.4375,31.875,36.4375,4,11.5,-40.3125,14.5,-18.0625,-13.4375,-17.6875,-16,0,0,0,0
Action_20,GRZ,-13,-15.375,-15.0625,-14.5,-7,-7.375,-16.5,-12.125,-9.6875,-4.125,-2.5,-5,-6.5625,-4.375,-10.625,-10.5625,-7.75,4.0625,18.125,22.1875,13.8125,29.0625,29.6875,12.1875,8.1875,8.5625,1.0625,-7.375,-12.6875,-1.75,3.5625,13.4375,-34.25,-15.4375,31.875,36.4375,4,11.5,-40.3125,14.5,-18.0625,-13.4375,-17.6875,-16,0,0,0,0
Action_20,ORL,3.512,3.511672,3.511815,3.503223,3.5026,3.505838,3.500125,3.496804,3.495554,3.494399,3.488845,3.480003,3.477425,3.477527,3.479135,3.47706,3.477237,3.472211,3.466261,3.460664,3.45917,3.462385,3.473555,3.479934,3.480657,3.478881,3.481315,3.482846,3.481894,3.471816,3.431253,3.360671,3.243075,3.19446,2.961498,2.592198,2.278607,2.25925,2.568591,3.087667,2.936363,2.818364,2.804308,2.875168,0,0,0,0
Action_20,OPL,4.913223,4.934047,4.938159,4.926482,4.920971,4.92209,4.92142,4.917854,4.91348,4.908802,4.908505,4.912196,4.918581,4.9224,4.921254,4.918456,4.920847,4.933463,4.946888,4.9537,4.951523,4.94515,4.933976,4.933356,4.939162,4.949379,4.955408,4.954815,4.938068,4.889687,4.740515,4.467125,4.006665,3.634263,3.19026,2.980898,2.877247,2.835811,2.840232,2.936947,2.933918,2.91011,2.889867,2.885952,0,0,0,0
Action_20,OYL,2.564178,2.57613,2.575709,2.562796,2.554148,2.544417,2.534308,2.529804,2.527315,2.525664,2.516847,2.509449,2.504404,2.496574,2.480626,2.475292,2.47482,2.48201,2.488835,2.492491,2.488425,2.476097,2.456178,2.453769,2.455053,2.457842,2.460464,2.465312,2.477407,2.496441,2.508141,2.498003,2.556951,2.667876,3.01451,3.447261,3.768726,3.734902,3.426475,2.91772,3.083056,3.218427,3.161859,3.068523,0,0,0,0
Action_20,ORR,6.589327,6.568552,6.540102,6.519843,6.507784,6.501587,6.496239,6.467865,6.45596,6.45736,6.45738,6.453988,6.444255,6.442193,6.442253,6.438352,6.438191,6.460263,6.484327,6.511785,6.546413,6.584364,6.638031,6.656377,6.680724,6.718674,6.736685,6.727417,6.710167,6.683957,6.68988,6.766035,6.818927,6.894684,7.062748,7.137901,7.093325,6.996403,6.539806,6.485713,6.522732,6.519122,6.503992,6.504564,0,0,0,0
Action_20,OPR,4.557319,4.774333,4.98148,5.200726,5.434721,5.564751,5.654521,5.749523,5.795257,5.813218,5.810001,5.78937,5.762706,5.700303,5.632813,5.535716,5.42648,5.194796,5.004027,4.773213,4.614962,4.477102,4.295259,4.172924,4.082307,3.994831,3.91003,3.903958,3.927008,3.926621,3.879228,3.702935,3.485212,3.253782,3.083204,2.967575,2.930502,2.896409,2.907247,2.931595,2.901005,2.908862,2.906789,2.903927,0,0,0,0
Action_20,OYR,0.0470394,0.04134297,0.03482651,0.02795711,0.06117004,0.1036109,0.1453642,0.1770744,0.1889419,0.2062616,0.2281307,0.2373247,0.2488171,0.2679782,0.2928702,0.3377156,0.3896952,0.471814,0.5260396,0.5647686,0.5748089,0.5792451,0.5691513,0.5592837,0.5461485,0.5333604,0.5249991,0.5199808,0.5188053,0.529958,0.5153111,0.4848586,0.3898879,0.2275494,0.08586095,0.09401469,0.1561231,0.256182,0.6831071,0.725199,0.6144589,0.6322155,0.6191716,0.5879535,0,0,0,0
