Action_1,ALX,0.4506836,-0.03613281,-0.09814453,0.04980469,-0.1235352,-0.1987305,-0.1430664,-0.1723633,-0.1640625,-0.1757813,-0.1650391,-0.1977539,-0.2290039,-0.09033203,-0.7495117,1.795898,0.04003906,0.4614258,0.4916992,0.5229492,0.6181641,0.6943359,0.7607422,1.461914,1.001953,0.7617188,0.9511719,0.9428711,0.9208984,0.9243164,0.9238281,0.9335938,0.9194336,0.9257813,0.9223633,0.9106445,0.9370117,0.9189453,0.9194336,0.9169922,0.9213867,0.9233398,0.918457,0.9248047,0,0,0,0
Action_1,ALY,-0.8466797,-0.5883789,-0.5727539,-0.7758789,-0.8393555,-0.7905273,-0.8056641,-0.8256836,-0.8212891,-0.8427734,-0.855957,-0.8144531,-0.71875,-0.6474609,-0.296875,-0.8442383,-0.9980469,-0.90625,-0.6894531,-0.5932617,-0.5356445,-0.4047852,-0.5146484,-0.6503906,-0.2485352,-0.5888672,-0.2182617,-0.378418,-0.2929688,-0.3730469,-0.3798828,-0.3447266,-0.3725586,-0.3813477,-0.3745117,-0.375,-0.3813477,-0.3779297,-0.3720703,-0.3745117,-0.3759766,-0.3666992,-0.375,-0.371582,0,0,0,0
Action_1,ALZ,0.6386719,0.3999023,0.3632813,0.5527344,0.6137695,0.5834961,0.5058594,0.5341797,0.5581055,0.5449219,0.5605469,0.5463867,0.4672852,0.3754883,-0.2358398,0.6582031,0.2641602,0.4990234,0.4233398,0.3378906,0.3271484,0.3955078,0.4794922,-0.09570313,0.1196289,0.3100586,-0.02539063,-0.03125,0.1123047,0.06347656,0.02001953,0.07910156,0.06396484,0.05859375,0.07861328,0.05615234,0.06640625,0.05419922,0.06054688,0.06201172,0.06494141,0.06152344,0.06347656,0.06445313,0,0,0,0
Action_1,ARX,0.005859375,-0.02392578,-0.1425781,-0.2182617,-0.1967773,-0.2568359,-0.2509766,-0.2338867,-0.237793,-0.2265625,-0.2460938,-0.2578125,-0.3530273,-0.5517578,0.980957,2.071777,0.3305664,0.4750977,0.5390625,0.4858398,0.5102539,0.730957,1.118652,1.184082,0.7089844,0.8779297,1.002441,0.9399414,0.9453125,0.9316406,0.9472656,0.9394531,0.940918,0.9453125,0.9321289,0.9580078,0.9467773,0.9350586,0.9384766,0.9384766,0.9404297,0.9433594,0.9355469,0.9360352,0,0,0,0
Action_1,ARY,0.6445313,0.5356445,0.5297852,0.7060547,0.7851563,0.784668,0.7631836,0.793457,0.7900391,0.8115234,0.7871094,0.7050781,0.5322266,0.440918,0.668457,0.6845703,0.6855469,0.7675781,0.5805664,0.4794922,0.4306641,0.4135742,0.5517578,0.3789063,-0.2016602,0.3696289,0.1713867,0.2358398,0.2246094,0.246582,0.2382813,0.230957,0.2407227,0.2402344,0.2436523,0.2294922,0.2470703,0.2431641,0.2485352,0.2495117,0.2504883,0.2446289,0.2524414,0.2475586,0,0,0,0
Action_1,ARZ,0.4575195,0.4926758,0.5698242,0.597168,0.6621094,0.6420898,0.6005859,0.6191406,0.6035156,0.6137695,0.6328125,0.5952148,0.487793,0.1582031,0.8862305,0.9692383,0.5048828,0.5571289,0.4501953,0.3989258,0.355957,0.4174805,0.09619141,-0.2026367,0.2524414,0.0859375,-0.06787109,-0.03466797,0.08203125,0.04443359,0.009277344,0.05517578,0.015625,0.03125,0.05957031,0.06396484,0.05175781,0.05810547,0.07373047,0.06640625,0.07470703,0.07324219,0.07080078,0.06933594,0,0,0,0
Action_1,EMG0L,-20,1,-16,-8,-26,1,29,-5,6,26,11,-15,71,-36,16,-94,-91,31,-19,2,2,-17,7,1,4,6,-6,19,1,-12,15,-2,-16,6,17,1,-2,-18,1,19,-1,4,1,3,0,0,0,0
Action_1,EMG1L,-10,8,-42,8,-7,-4,29,16,-16,9,18,-4,3,-13,26,-98,-13,8,-21,3,-8,-3,2,4,-14,-1,-2,-1,4,1,3,-3,-1,1,1,0,1,-8,11,2,-2,0,-2,-3,0,0,0,0
Action_1,EMG2L,-11,13,-72,58,21,51,51,-21,-37,-12,-1,9,-89,-28,16,-21,92,-27,-70,-11,5,5,6,-8,1,2,-7,0,-1,-3,-3,-2,0,0,0,-3,-3,-1,-1,-2,0,-1,-1,-1,0,0,0,0
Action_1,EMG3L,59,98,117,29,67,-2,-27,-20,14,34,-32,8,-64,-21,3,24,-29,20,78,26,-25,-38,-6,-26,2,5,-9,0,-1,-2,0,0,1,-2,4,-1,-3,0,-1,0,-1,-1,-1,-1,0,0,0,0
Action_1,EMG4L,6,54,89,0,2,11,-2,-1,10,4,-13,-20,14,6,-15,-66,-25,5,-15,-5,-5,-7,3,-3,0,-3,0,-3,0,-1,-3,0,-1,-2,-1,0,-2,0,0,-1,-3,0,-1,-2,0,0,0,0
Action_1,EMG5L,20,41,66,-15,6,1,18,13,22,-22,-26,-32,3,22,-35,-107,25,-14,-19,-7,-2,-10,10,-10,-1,4,-6,-2,2,-3,1,-1,0,-2,0,-1,-1,1,-2,-2,0,1,0,-1,0,0,0,0
Action_1,EMG6L,21,37,43,-22,31,33,-10,9,-10,-34,-82,-54,-30,26,48,-43,56,31,-28,-36,2,-3,13,-40,-30,17,-13,-4,1,-4,-5,-1,1,1,-2,-1,0,3,-3,1,-1,-2,0,-4,0,0,0,0
Action_1,EMG7L,31,-18,55,25,-46,54,43,-47,-51,-5,-15,-42,-17,-34,-62,-66,-59,33,-60,-51,-32,3,39,-13,4,13,-6,-2,-2,-2,7,-2,-3,2,4,5,1,-5,-5,3,-1,-5,-1,1,0,0,0,0
Action_1,EMG0R,-23,-43,-18,3,10,-8,12,-45,-2,19,4,9,-17,-3,42,-11,6,14,-4,3,-4,-17,-17,8,18,-2,-1,1,1,1,2,-1,-4,-4,2,-1,-2,0,1,-1,-1,2,0,-1,0,0,0,0
Action_1,EMG1R,-30,-12,14,13,17,7,3,-11,-7,13,-6,0,-2,2,45,-31,26,-23,-2,2,6,-5,-15,2,4,-6,-2,1,0,1,0,-1,-1,-1,-1,0,-1,0,0,1,-3,-2,-2,-1,0,0,0,0
Action_1,EMG2R,-11,-6,10,-2,7,-2,1,0,-14,7,-1,1,3,0,28,-19,-2,-23,-8,0,1,-4,-6,2,-15,-2,3,-1,-1,-2,-1,-1,-1,-1,-2,-1,-1,-2,-1,1,-2,-1,-1,1,0,0,0,0
Action_1,EMG3R,-9,3,-6,18,15,-10,1,-4,-31,22,-8,-2,19,7,-98,102,-43,-14,4,3,-58,7,0,20,-4,0,-1,2,0,0,-3,-1,-1,-1,-1,1,1,-1,-2,-2,1,-1,-2,1,0,0,0,0
Action_1,EMG4R,-11,-6,4,-15,-4,12,-3,-20,-11,-19,-3,-29,-81,-4,-18,-29,110,-59,43,-7,-2,-4,-1,1,3,-2,1,-1,0,-3,0,-3,-1,-2,0,0,0,0,2,-3,-3,-2,-1,-2,0,0,0,0
Action_1,EMG5R,-7,-13,5,-5,5,2,-4,4,-10,-8,5,1,1,58,22,32,48,-17,18,-14,-2,1,0,0,0,2,-1,-5,-3,-2,3,-2,2,-3,-1,-1,4,-2,0,-3,-2,-2,2,-1,0,0,0,0
Action_1,EMG6R,-9,-15,-17,6,-6,-19,-6,19,-16,-2,-25,2,0,29,-1,5,19,40,7,-6,3,12,-2,2,12,-4,-2,-1,-3,-1,-2,-7,-4,-5,-1,3,0,0,0,-2,-2,-4,1,-5,0,0,0,0
Action_1,EMG7R,-7,-16,-18,17,3,-27,-49,-22,-11,-4,-13,18,-2,29,-36,-33,59,55,-26,4,43,-5,-21,-1,-38,6,-13,5,3,-1,-5,-1,-3,-4,-1,3,-1,-3,0,3,-7,1,-1,-1,0,0,0,0
Action_1,GLX,13.4375,-1.8125,-1.875,-10.625,-8.5625,1.125,-1.5,-2.9375,-3.875,-1.9375,3.625,2.0625,-0.9375,-42.1875,11.75,-15.5,51.5625,6.4375,-4.0625,11.4375,-38.75,-32.6875,-17.5625,-124,73.875,-162.4375,-1.9375,47.5625,19.1875,-6.875,5.1875,-3.625,4,8.3125,-4.4375,-3.625,-3.125,-0.6875,0.5,-4.5625,-2.0625,-1,1.3125,0.375,0,0,0,0
Action_1,GLY,13.4375,-1.8125,-1.875,-10.625,-8.5625,1.125,-1.5,-2.9375,-3.875,-1.9375,3.625,2.0625,-0.9375,-42.1875,11.75,-15.5,51.5625,6.4375,-4.0625,11.4375,-38.75,-32.6875,-17.5625,-124,73.875,-162.4375,-1.9375,47.5625,19.1875,-6.875,5.1875,-3.625,4,8.3125,-4.4375,-3.625,-3.125,-0.6875,0.5,-4.5625,-2.0625,-1,1.3125,0.375,0,0,0,0
Action_1,GLZ,13.4375,-1.8125,-1.875,-10.625,-8.5625,1.125,-1.5,-2.9375,-3.875,-1.9375,3.625,2.0625,-0.9375,-42.1875,11.75,-15.5,51.5625,6.4375,-4.0625,11.4375,-38.75,-32.6875,-17.5625,-124,73.875,-162.4375,-1.9375,47.5625,19.1875,-6.875,5.1875,-3.625,4,8.3125,-4.4375,-3.625,-3.125,-0.6875,0.5,-4.5625,-2.0625,-1,1.3125,0.375,0,0,0,0
Action_1,GRX,-30.4375,31.3125,15.5,17.875,21.875,6.6875,3.625,0.6875,-3,-1.375,-2,-9.375,-3.9375,11.75,16.4375,33.0625,-24.5625,0.5,-5.625,-6.375,32.1875,40.1875,121.8125,-43.375,122.25,-47.5625,35.1875,-23.875,-24.375,7.375,0.5,-1.1875,7.8125,-6.4375,-3.875,-2.5625,-5.9375,-8.375,-3.1875,-0.5,-2,0.0625,-0.6875,0.875,0,0,0,0
Action_1,GRY,-30.4375,31.3125,15.5,17.875,21.875,6.6875,3.625,0.6875,-3,-1.375,-2,-9.375,-3.9375,11.75,16.4375,33.0625,-24.5625,0.5,-5.625,-6.375,32.1875,40.1875,121.8125,-43.375,122.25,-47.5625,35.1875,-23.875,-24.375,7.375,0.5,-1.1875,7.8125,-6.4375,-3.875,-2.5625,-5.9375,-8.375,-3.1875,-0.5,-2,0.0625,-0.6875,0.875,0,0,0,0
Action_1,GRZ,-30.4375,31.3125,15.5,17.875,21.875,6.6875,3.625,0.6875,-3,-1.375,-2,-9.375,-3.9375,11.75,16.4375,33.0625,-24.5625,0.5,-5.625,-6.375,32.1875,40.1875,121.8125,-43.375,122.25,-47.5625,35.1875,-23.875,-24.375,7.375,0.5,-1.1875,7.8125,-6.4375,-3.875,-2.5625,-5.9375,-8.375,-3.1875,-0.5,-2,0.0625,-0.6875,0.875,0,0,0,0
Action_1,ORL,3.505016,3.53063,3.521029,3.468008,3.439121,3.43367,3.43539,3.42823,3.42219,3.419522,3.420088,3.418511,3.415914,3.361729,3.345232,3.263955,3.300229,3.295405,3.314694,3.334958,3.337064,3.304574,3.268037,3.015048,2.814414,2.693166,2.748594,2.670727,2.740747,2.757122,2.754204,2.782857,2.780529,2.77675,2.785767,2.777464,2.76685,2.763859,2.769141,2.769539,2.768267,2.769059,2.772709,2.779097,0,0,0,0
Action_1,OPL,4.262439,4.705339,5.052567,5.23035,5.236265,5.256024,5.270631,5.26882,5.258275,5.2578,5.263954,5.290719,5.299248,5.201712,5.016042,4.315217,4.084055,4.094706,4.144691,4.146586,4.022801,3.749135,3.56501,3.18516,3.140509,3.104723,3.097589,3.103408,3.100185,3.100693,3.104718,3.104503,3.10881,3.112154,3.115563,3.11855,3.117987,3.116853,3.117683,3.117795,3.117398,3.115572,3.115238,3.113929,0,0,0,0
Action_1,OYL,9.864574,9.842977,9.834519,9.811038,9.750097,9.708053,9.71611,9.71497,9.709135,9.70682,9.709074,9.705296,9.709283,9.717505,9.720563,9.86334,9.947538,9.964588,9.938421,9.917501,9.880871,9.838928,9.857224,9.995015,0.1619968,0.0267439,9.946538,9.997248,9.985738,9.955015,9.956326,9.94615,9.944917,9.963029,9.956968,9.958972,9.960111,9.960427,9.953573,9.948009,9.942644,9.938931,9.936405,9.930826,0,0,0,0
Action_1,ORR,6.296123,6.313836,6.360862,6.405476,6.437221,6.443813,6.439194,6.432986,6.432178,6.437373,6.435753,6.426505,6.415552,6.444281,6.488974,6.510835,6.479925,6.500331,6.491199,6.479461,6.469107,6.51096,6.668566,7.13681,7.049322,7.178797,7.379384,7.411819,7.262278,7.256446,7.302782,7.252829,7.255227,7.239015,7.17176,7.132521,7.115345,7.08963,7.06386,7.060524,7.053779,7.050191,7.050693,7.04889,0,0,0,0
Action_1,OPR,4.636901,5.051716,5.378,5.424021,5.389066,5.345199,5.33602,5.333004,5.337437,5.339416,5.349076,5.361233,5.32296,5.125033,4.416994,4.207554,4.10686,4.13559,4.170574,4.125228,3.900326,3.625367,3.308982,3.043434,2.939859,2.935043,2.901868,2.91608,2.930453,2.935727,2.935756,2.937953,2.93794,2.936311,2.940732,2.944163,2.944836,2.944883,2.944321,2.944311,2.944232,2.94412,2.94401,2.943287,0,0,0,0
Action_1,OYR,0.1664962,0.1732637,0.2142473,0.2355346,0.2410182,0.2349574,0.2132968,0.1860573,0.1781659,0.1780844,0.1838847,0.2125373,0.2242763,0.213519,0.2047431,0.1520162,0.1443844,0.1407036,0.1422708,0.1601014,0.2331164,0.2682683,0.2002624,9.804239,9.947597,9.88139,9.677054,9.656552,9.761599,9.760345,9.729178,9.775152,9.788231,9.802269,9.861453,9.895927,9.905766,9.919291,9.936988,9.939621,9.945075,9.946681,9.946071,9.947894,0,0,0,0
Action_2,ALX,-0.2402344,-0.1860352,-0.1552734,-0.1943359,-0.1689453,-0.1777344,-0.6259766,1.202148,-0.1142578,0.6811523,0.4887695,0.7182617,0.8183594,0.8535156,1.231445,1.111816,0.8491211,0.9765625,1.550781,1.559082,1.145508,0.9223633,1.519531,0.9130859,0.9121094,0.9257813,0.9233398,0.925293,0.9160156,0.9238281,0.9282227,0.9208984,0.9204102,0.9272461,0.9208984,0.9238281,0.9155273,0.9199219,0.925293,0.9194336,0.9262695,0.921875,0.9213867,0.9326172,0,0,0,0
Action_2,ALY,-0.7446289,-0.8574219,-0.8789063,-0.8857422,-0.7871094,-0.6489258,-0.03027344,-1.222168,-0.847168,-0.9394531,-0.590332,-0.4902344,-0.5644531,-0.5112305,-0.171875,-0.8217773,-0.3876953,-0.3295898,-0.2211914,-0.1660156,-0.3769531,-0.4018555,-0.3173828,-0.3803711,-0.3828125,-0.3779297,-0.3774414,-0.3867188,-0.3696289,-0.3642578,-0.3740234,-0.3837891,-0.3779297,-0.3671875,-0.3740234,-0.3828125,-0.3666992,-0.3730469,-0.3769531,-0.3745117,-0.3681641,-0.3710938,-0.3759766,-0.3657227,0,0,0,0
Action_2,ALZ,0.5175781,0.5097656,0.5205078,0.5732422,0.5302734,0.440918,-0.1875,1.116699,0.1479492,0.5004883,0.3608398,0.262207,0.2802734,0.3754883,0.1518555,-0.2875977,0.3110352,0.1557617,0.6640625,0.9140625,0.2749023,0.02978516,0.355957,0.2714844,0.07177734,0.06884766,0.07470703,0.07373047,0.06689453,0.07714844,0.06982422,0.07226563,0.07470703,0.06347656,0.06933594,0.07958984,0.06933594,0.07617188,0.07763672,0.07373047,0.06787109,0.06835938,0.07568359,0.07714844,0,0,0,0
Action_2,ARX,-0.2358398,-0.1821289,-0.171875,-0.1743164,-0.1474609,-0.7250977,-0.4555664,1.164551,0.3383789,0.5151367,0.5439453,0.6586914,0.8193359,1.189941,1.062988,0.7856445,0.8969727,0.9545898,0.902832,0.9116211,0.9287109,0.9165039,1.023438,0.4960938,0.9418945,0.9189453,1.519043,0.9082031,0.9135742,0.9165039,0.9160156,0.9204102,0.9194336,0.9179688,0.9091797,0.9213867,0.909668,0.9165039,0.9174805,0.9130859,0.9160156,0.9130859,0.9199219,0.9213867,0,0,0,0
Action_2,ARY,0.7861328,0.8325195,0.8227539,0.7841797,0.6860352,0.07861328,1.071777,1.614258,0.6474609,0.6494141,0.4370117,0.3027344,0.5146484,0.402832,0.3120117,0.5419922,0.3061523,0.2880859,0.3017578,0.3222656,0.3027344,0.3105469,0.3574219,0.1430664,0.2827148,0.3139648,0.4785156,0.3110352,0.3134766,0.3208008,0.3203125,0.3173828,0.3193359,0.3168945,0.3178711,0.3173828,0.3271484,0.3232422,0.3188477,0.3198242,0.3232422,0.3232422,0.3217773,0.3232422,0,0,0,0
Action_2,ARZ,0.5883789,0.6333008,0.6342773,0.6293945,0.5844727,0.09667969,0.8823242,0.996582,0.4233398,0.4956055,0.4233398,0.4614258,0.4711914,0.2109375,-0.009277344,0.1738281,0.1513672,-0.01269531,0.08740234,0.1103516,0.1064453,0.08251953,-0.4677734,-0.9042969,0.1645508,0.1108398,0.6650391,0.09765625,0.1157227,0.09667969,0.105957,0.1142578,0.1108398,0.1098633,0.1118164,0.112793,0.1103516,0.1132813,0.1132813,0.1098633,0.1044922,0.1103516,0.1015625,0.1157227,0,0,0,0
Action_2,EMG0L,-28,38,-35,4,-31,32,51,-43,-4,38,-8,-22,17,-36,14,-12,-4,3,-9,8,9,-4,0,-3,1,0,-7,-2,4,-5,-5,-2,1,4,-2,-1,9,-4,-3,-6,-6,4,3,-3,0,0,0,0
Action_2,EMG1L,14,-12,-36,5,-14,12,32,-11,-15,20,8,25,11,-9,15,-9,-4,-4,1,-6,-5,2,0,-2,0,-4,0,0,3,1,-5,-1,-3,-1,0,-2,7,-3,-1,6,6,-1,2,-2,0,0,0,0
Action_2,EMG2L,57,-13,-4,-2,-27,-15,-83,43,-69,33,-23,88,16,-8,-5,-2,5,4,-3,-1,-2,-1,-3,-2,-1,-2,-1,-1,0,-3,-2,-1,-1,-2,-2,-6,0,2,-2,2,-1,-1,-1,-1,0,0,0,0
Action_2,EMG3L,14,-59,-27,-32,-13,13,-120,-6,-28,6,12,-2,33,-4,-33,2,13,0,-7,0,-1,-2,-1,-1,-1,-2,1,0,-1,-2,-1,-3,2,-2,0,-3,-2,0,-1,-2,-1,-2,0,-1,0,0,0,0
Action_2,EMG4L,17,1,-7,-11,-3,4,-52,31,44,4,-4,-21,5,-15,0,-1,0,2,-2,-2,-3,-4,-1,-2,0,-2,-1,-1,-1,0,-1,-1,-1,-3,0,-2,-2,0,-3,-3,0,0,-1,-3,0,0,0,0
Action_2,EMG5L,5,34,36,-5,-4,15,44,41,15,-8,-4,-39,29,-39,-7,-4,5,0,-1,-1,-2,-1,0,-3,0,-1,1,1,0,0,-1,-2,0,0,-1,-3,-1,0,-2,-1,0,-1,-1,-5,0,0,0,0
Action_2,EMG6L,-50,35,32,-12,1,-1,23,21,-26,46,2,-76,10,-78,-24,-8,19,1,-11,6,-4,-1,-9,0,-1,-1,-1,3,1,-2,-4,0,0,3,-4,1,0,-1,-4,3,-2,-3,-1,-2,0,0,0,0
Action_2,EMG7L,-26,-15,-18,-33,2,27,37,-30,-82,20,7,-35,-9,-35,-5,-5,7,3,-6,3,-3,1,-4,0,0,2,0,3,-1,-1,-2,-3,-2,1,-1,0,0,0,-5,4,-2,-2,-2,0,0,0,0,0
Action_2,EMG0R,4,15,4,-13,-18,22,-62,10,12,3,20,-60,-35,1,10,2,-1,2,-1,-2,-2,-1,0,3,1,-5,-2,1,3,-1,1,-2,-3,-2,1,1,2,0,0,-1,0,-2,-2,-2,0,0,0,0
Action_2,EMG1R,8,8,-26,-10,-11,3,-10,17,6,-1,2,-20,0,-1,2,0,0,-2,0,-3,-1,-1,-1,1,0,-4,-2,-2,0,-1,0,-1,0,0,-1,-2,1,0,0,-1,-2,0,-1,-3,0,0,0,0
Action_2,EMG2R,-1,-2,-1,-4,-7,-11,-52,-4,7,2,1,-10,4,-2,-1,-2,2,0,-2,-2,0,0,-2,0,-2,0,0,-1,0,-1,-1,-1,-1,-1,1,0,-2,-1,0,-1,0,-1,-1,1,0,0,0,0
Action_2,EMG3R,-8,-12,7,-7,2,-11,-113,30,-14,4,-34,-1,-2,-6,8,-2,0,-1,1,-1,-3,-1,-2,-1,0,0,-1,-2,1,1,-2,1,0,0,1,-1,1,0,-2,-2,-1,2,-3,-1,0,0,0,0
Action_2,EMG4R,-7,-11,16,-18,30,-67,-35,-28,0,8,-1,-3,-8,-2,-1,1,8,2,6,2,-2,-2,-2,-1,0,-2,-1,0,-1,0,-1,7,0,-1,0,0,-1,-1,-3,-3,4,2,-3,0,0,0,0,0
Action_2,EMG5R,8,31,-5,-2,9,-7,-54,-21,1,-5,-8,19,-5,0,3,-3,1,14,-5,0,3,5,-7,2,-4,-6,-6,-8,-3,2,-4,-1,-13,2,1,0,4,1,-2,-2,9,-2,-1,3,0,0,0,0
Action_2,EMG6R,12,-13,10,16,23,-18,-28,6,3,2,-3,49,6,6,1,-1,0,-6,8,-9,6,0,-6,-1,-6,-8,0,-17,-6,0,-5,-1,-21,-1,2,10,10,-4,-7,-2,6,-4,0,-2,0,0,0,0
Action_2,EMG7R,24,-12,31,9,-32,-53,104,65,-24,0,21,-42,10,10,8,4,1,1,-1,-1,0,1,-7,-4,-5,6,-5,-4,0,-2,2,-1,-2,-4,1,-3,7,-2,-1,-1,0,-1,0,-1,0,0,0,0
Action_2,GLX,5.875,10,-3.125,-6.375,1,4.0625,-22.4375,-54.4375,60.4375,-6.5,-12.875,-2.0625,-101,-64.6875,-62.125,-153.6875,-92.5625,3.0625,-11.9375,22.8125,-15.5625,-9.625,2.0625,1.5625,-4.125,1.1875,0.6875,-1.625,0.375,-2.8125,1.25,-0.0625,0,-1,1.875,-1,-0.75,0,-1,1.0625,-0.4375,0.3125,0.6875,-0.1875,0,0,0,0
Action_2,GLY,5.875,10,-3.125,-6.375,1,4.0625,-22.4375,-54.4375,60.4375,-6.5,-12.875,-2.0625,-101,-64.6875,-62.125,-153.6875,-92.5625,3.0625,-11.9375,22.8125,-15.5625,-9.625,2.0625,1.5625,-4.125,1.1875,0.6875,-1.625,0.375,-2.8125,1.25,-0.0625,0,-1,1.875,-1,-0.75,0,-1,1.0625,-0.4375,0.3125,0.6875,-0.1875,0,0,0,0
Action_2,GLZ,5.875,10,-3.125,-6.375,1,4.0625,-22.4375,-54.4375,60.4375,-6.5,-12.875,-2.0625,-101,-64.6875,-62.125,-153.6875,-92.5625,3.0625,-11.9375,22.8125,-15.5625,-9.625,2.0625,1.5625,-4.125,1.1875,0.6875,-1.625,0.375,-2.8125,1.25,-0.0625,0,-1,1.875,-1,-0.75,0,-1,1.0625,-0.4375,0.3125,0.6875,-0.1875,0,0,0,0
Action_2,GRX,-8.9375,0.5625,1.4375,1.875,-4,-30.625,92.5,48.5,-5.875,-5.0625,15.125,41.5,58.6875,61.4375,-166.5625,92.5,-1.375,2.8125,-32.625,-27.125,-7.0625,-5.375,-3.0625,10.125,-4.875,-2.875,0.375,3.25,-1.375,0.75,-0.6875,1.9375,1.125,-1.3125,0.0625,1.1875,-1.625,0.3125,-1.3125,0.5625,-1.25,-1.125,0.8125,-0.1875,0,0,0,0
Action_2,GRY,-8.9375,0.5625,1.4375,1.875,-4,-30.625,92.5,48.5,-5.875,-5.0625,15.125,41.5,58.6875,61.4375,-166.5625,92.5,-1.375,2.8125,-32.625,-27.125,-7.0625,-5.375,-3.0625,10.125,-4.875,-2.875,0.375,3.25,-1.375,0.75,-0.6875,1.9375,1.125,-1.3125,0.0625,1.1875,-1.625,0.3125,-1.3125,0.5625,-1.25,-1.125,0.8125,-0.1875,0,0,0,0
Action_2,GRZ,-8.9375,0.5625,1.4375,1.875,-4,-30.625,92.5,48.5,-5.875,-5.0625,15.125,41.5,58.6875,61.4375,-166.5625,92.5,-1.375,2.8125,-32.625,-27.125,-7.0625,-5.375,-3.0625,10.125,-4.875,-2.875,0.375,3.25,-1.375,0.75,-0.6875,1.9375,1.125,-1.3125,0.0625,1.1875,-1.625,0.3125,-1.3125,0.5625,-1.25,-1.125,0.8125,-0.1875,0,0,0,0
Action_2,ORL,3.428643,3.437934,3.428145,3.419001,3.420216,3.423687,3.413546,3.208973,3.255836,3.252065,3.289925,3.268128,3.144765,3.009457,2.856295,2.58791,2.732322,2.77563,2.747658,2.860739,2.860389,2.821107,2.84492,2.861189,2.851847,2.851419,2.852656,2.848065,2.847546,2.845674,2.841612,2.841238,2.840686,2.839776,2.837226,2.836205,2.834252,2.831498,2.829343,2.8285,2.828206,2.827602,2.82694,2.829687,0,0,0,0
Action_2,OPL,5.23005,5.24344,5.255312,5.272783,5.302195,5.296731,5.084309,4.274207,4.166841,4.106527,4.039714,3.893837,3.669343,3.432379,3.205615,3.14788,3.134116,3.133781,3.127268,3.136201,3.136777,3.137179,3.132228,3.115971,3.116341,3.115637,3.116802,3.117831,3.116575,3.116262,3.116685,3.117834,3.118949,3.118629,3.118125,3.118777,3.118881,3.118958,3.118751,3.118486,3.118371,3.118652,3.118732,3.118804,0,0,0,0
Action_2,OYL,9.4763,9.488811,9.484481,9.481944,9.492265,9.509007,9.567155,9.694056,9.720179,9.730258,9.682075,9.687775,9.696028,9.720069,9.81721,9.916057,9.852395,9.774454,9.798724,9.745614,9.743091,9.762125,9.746877,9.739206,9.745316,9.744451,9.747373,9.749902,9.75079,9.751036,9.75423,9.756207,9.755466,9.756137,9.75877,9.758893,9.760068,9.761024,9.761277,9.762356,9.762745,9.763449,9.764044,9.762788,0,0,0,0
Action_2,ORR,6.437641,6.431526,6.433391,6.438453,6.434409,6.382864,6.46074,6.508401,6.429163,6.43878,6.418468,6.441438,6.586353,6.777311,6.96788,7.001289,7.025908,7.138675,7.073672,7.029845,7.004091,7.01205,7.039792,7.469508,7.503143,7.452509,7.504097,7.504655,7.446302,7.419594,7.392228,7.35869,7.323565,7.306599,7.293319,7.282376,7.256586,7.238604,7.218632,7.205853,7.196155,7.178382,7.172912,7.16853,0,0,0,0
Action_2,OPR,5.197698,5.208246,5.220728,5.250314,5.254785,5.084147,4.411731,4.143035,4.109926,4.090794,4.00276,3.828034,3.498897,3.254635,3.146893,3.068366,3.071528,3.065092,3.077285,3.083425,3.087214,3.086752,3.079124,3.05373,3.047004,3.048786,3.044131,3.042817,3.04492,3.04477,3.044424,3.043869,3.046175,3.047224,3.047878,3.047597,3.049873,3.051412,3.052302,3.052572,3.053203,3.054687,3.055372,3.055318,0,0,0,0
Action_2,OYR,0.128389,0.108834,0.1031507,0.09850527,0.1026708,0.08788403,0.0884041,0.01303688,0.003967172,0.006321889,0.02465004,0.06530125,0.1124894,0.02619705,9.69241,9.797712,9.80337,9.719803,9.742212,9.738226,9.741902,9.725517,9.691294,9.305015,9.276346,9.315872,9.265975,9.26683,9.31978,9.346984,9.371859,9.405328,9.442638,9.45895,9.471141,9.481712,9.505338,9.5214,9.537807,9.549401,9.557868,9.572729,9.578151,9.582595,0,0,0,0
Action_3,ALX,-0.1723633,-0.2333984,-0.246582,-0.3413086,-0.3076172,-0.2836914,-0.2553711,-0.2900391,-0.2851563,-0.28125,-0.2548828,-0.2836914,-0.1186523,1.229004,0.378418,0.4335938,0.5585938,0.4575195,0.5654297,0.4833984,0.4858398,0.6264648,0.7578125,0.8754883,1.201172,0.9350586,0.7207031,0.8798828,0.9331055,0.9267578,0.9223633,0.9086914,0.9208984,0.9208984,0.918457,0.9228516,0.9262695,0.9199219,0.9204102,0.9155273,0.918457,0.9199219,0.918457,0.9199219,0.9199219,0,0,0
Action_3,ALY,-0.6943359,-0.8164063,-0.8149414,-0.8056641,-0.8149414,-0.8217773,-0.8330078,-0.8432617,-0.8139648,-0.7709961,-0.7138672,-0.503418,-0.4819336,-1.075684,-1.184082,-0.8911133,-0.7392578,-0.7124023,-0.6777344,-0.6831055,-0.6098633,-0.6113281,-0.5356445,-0.5585938,-0.1264648,-0.7978516,-0.5644531,-0.2612305,-0.4736328,-0.3632813,-0.3740234,-0.3730469,-0.3862305,-0.3896484,-0.3691406,-0.3876953,-0.3823242,-0.3833008,-0.375,-0.3857422,-0.371582,-0.3842773,-0.3798828,-0.375,-0.3779297,0,0,0
Action_3,ALZ,0.4594727,0.597168,0.5717773,0.5234375,0.5205078,0.5664063,0.5708008,0.543457,0.5483398,0.5463867,0.4936523,0.4165039,0.3374023,0.8457031,0.6015625,0.4438477,0.4643555,0.4589844,0.4438477,0.4477539,0.4541016,0.3657227,0.328125,0.206543,0.07958984,0.078125,0.03271484,0.1635742,0.04101563,-0.02880859,0.08740234,0.08251953,0.02636719,0.06982422,0.06396484,0.04980469,0.07324219,0.07421875,0.05957031,0.06298828,0.0625,0.06494141,0.06103516,0.06347656,0.06494141,0,0,0
Action_3,ARX,-0.08984375,-0.2333984,-0.300293,-0.2993164,-0.2807617,-0.2558594,-0.277832,-0.2797852,-0.2827148,-0.2729492,-0.2666016,-0.4589844,0.05273438,1.15625,0.3413086,0.394043,0.5131836,0.4692383,0.425293,0.4355469,0.4868164,0.6357422,0.722168,0.7363281,1.374512,0.8759766,0.7451172,0.9755859,0.9199219,0.9047852,0.9238281,0.9287109,0.918457,0.9169922,0.9169922,0.9208984,0.9204102,0.9238281,0.9257813,0.9228516,0.921875,0.925293,0.9189453,0.918457,0.9199219,0,0,0
Action_3,ARY,0.6391602,0.7773438,0.8056641,0.7973633,0.8066406,0.7919922,0.7919922,0.7827148,0.7680664,0.7285156,0.6269531,0.4072266,0.9414063,0.9477539,0.8017578,0.7514648,0.6323242,0.621582,0.6665039,0.6660156,0.519043,0.5043945,0.6254883,0.5859375,-0.09423828,0.8774414,0.3369141,0.2373047,0.3227539,0.3193359,0.3222656,0.3027344,0.3164063,0.3129883,0.3139648,0.3100586,0.3120117,0.309082,0.3110352,0.3081055,0.3081055,0.3139648,0.3071289,0.3110352,0.3134766,0,0,0
Action_3,ARZ,0.5537109,0.6557617,0.5869141,0.5922852,0.5947266,0.6088867,0.6025391,0.5844727,0.59375,0.5742188,0.5371094,0.3745117,0.5263672,0.8759766,0.5737305,0.5922852,0.5644531,0.5541992,0.5639648,0.4750977,0.4716797,0.3984375,0.3393555,0.4155273,0.02783203,0.03369141,0.2128906,0.06884766,-0.03759766,0.09667969,0.1225586,0.05908203,0.06298828,0.09619141,0.06884766,0.07763672,0.07226563,0.07373047,0.07226563,0.07910156,0.07568359,0.08496094,0.07568359,0.07470703,0.08447266,0,0,0
Action_3,EMG0L,-13,13,2,-38,-65,-25,16,19,-24,3,-33,1,2,49,18,11,13,39,8,10,-21,-4,46,22,-37,9,-13,-5,-4,-5,-8,3,-1,-10,-4,5,-3,-4,6,-2,3,7,-3,-1,-5,0,0,0
Action_3,EMG1L,0,12,12,9,0,-4,-10,1,6,2,-7,1,8,31,3,5,6,2,17,20,1,-2,18,25,-17,0,5,-11,28,15,-13,15,2,2,2,-5,0,-6,1,0,-3,-11,-7,0,-4,0,0,0
Action_3,EMG2L,-29,19,9,-8,-1,-19,-11,33,-6,-6,-13,6,-16,55,-6,15,-25,-27,20,42,2,-12,-9,1,-8,-12,-6,-5,-8,-1,-3,-1,-2,-1,1,-3,-3,-1,0,4,-5,-2,-2,-1,-2,0,0,0
Action_3,EMG3L,-10,21,-20,-13,-22,-22,-43,21,-8,-16,34,-7,20,34,-6,2,23,17,-37,1,-21,10,28,-6,-4,7,-8,2,-11,-3,-1,0,-2,1,-2,-2,-2,-1,-2,0,-2,2,-2,0,0,0,0,0
Action_3,EMG4L,-10,17,-6,-13,-16,-3,-15,6,-6,10,14,-18,3,11,-9,-1,-8,24,16,-3,-9,7,15,0,-4,1,-2,-1,-5,-2,-1,-1,-1,0,-1,-3,-2,-2,-1,0,0,-2,0,0,-1,0,0,0
Action_3,EMG5L,8,29,2,-19,1,-1,-9,2,1,4,7,-17,-5,66,-16,-20,17,30,15,5,-18,12,25,0,-1,2,-6,-2,-7,1,-1,-4,0,-2,-2,-3,2,-3,1,2,0,-4,1,-3,0,0,0,0
Action_3,EMG6L,-15,27,22,-13,18,-16,-23,-5,9,3,-4,0,8,48,-93,30,-39,15,36,-15,-20,23,41,37,30,8,-9,-1,-11,0,3,-3,-3,-4,-2,-5,2,-2,3,0,-1,-1,1,1,0,0,0,0
Action_3,EMG7L,-3,-5,-7,20,-36,-24,3,-8,-15,3,-7,-33,32,-23,-65,61,-27,-17,56,8,-35,45,10,-2,13,1,2,-3,1,-3,4,-3,-5,-4,-3,-4,0,-2,4,2,1,-6,5,-2,0,0,0,0
Action_3,EMG0R,4,-3,3,-5,6,-9,5,12,-2,2,-2,-1,-36,8,10,-50,-4,-1,9,1,-11,-38,-33,35,12,9,-31,6,-49,-21,-18,6,-6,17,32,-51,6,4,-32,-16,-2,-2,-9,3,-10,0,0,0
Action_3,EMG1R,5,7,10,6,6,2,2,0,0,-17,-2,13,-6,-8,1,-33,17,9,4,-11,-15,-9,-15,23,8,4,-3,0,-8,-7,-1,-1,-1,4,3,-16,0,1,-9,-6,0,-2,-2,1,-5,0,0,0
Action_3,EMG2R,-5,2,13,5,10,-3,-7,1,1,-14,-7,-1,-19,-20,-18,14,7,16,1,-9,-6,1,-2,8,2,-3,0,-1,-4,-3,1,-1,-3,0,1,-3,-1,1,-3,-3,-1,-1,-1,1,-2,0,0,0
Action_3,EMG3R,-6,-1,15,0,5,-6,-4,-3,3,-7,-13,-2,5,31,-7,-21,-14,24,1,1,-9,2,-1,1,1,-1,-1,-3,-2,0,1,-1,-3,0,-2,-2,-1,0,0,-4,-1,-4,1,3,1,0,0,0
Action_3,EMG4R,9,-13,17,-3,-5,-3,3,-20,1,1,-4,-1,-20,25,1,-48,6,-7,-3,5,2,12,-1,0,0,0,4,-11,-11,-1,2,-10,6,-1,-5,-3,1,-1,-6,-2,2,-1,0,6,-3,0,0,0
Action_3,EMG5R,4,-5,-1,4,2,-4,-4,-4,0,3,-2,-9,-12,-53,19,-23,-10,4,18,7,-8,2,-23,-51,4,8,3,10,-3,-1,-2,-8,7,-10,2,-9,-4,-8,-2,-10,10,-10,-4,-2,-6,0,0,0
Action_3,EMG6R,2,-16,5,12,9,21,-38,5,17,6,-13,-1,-31,-34,-2,9,18,1,27,7,-15,-18,-24,19,-10,23,7,6,-3,-7,-6,1,-11,-15,-3,-8,-6,0,-1,-8,5,-9,-4,-4,-9,0,0,0
Action_3,EMG7R,4,-5,17,2,-11,5,-1,3,-19,-3,49,69,-20,18,-30,-36,23,17,29,15,-5,-9,-4,35,30,-3,-2,2,-9,-3,2,2,-4,-2,1,-10,-3,6,-6,-3,-1,-4,-3,1,-3,0,0,0
Action_3,GLX,-12.125,-11.0625,4.3125,11.1875,5.6875,0.5625,5.1875,3.8125,-0.5625,2.6875,3.5,1.8125,-44.375,36.5,3.6875,2.6875,-3.375,0.875,-2.1875,-3.75,3.25,-35.625,-40.75,-63.5,-150.8125,-116.25,100.9375,-41.8125,0,19.25,3.375,3,1,1.5,1.6875,-0.0625,2.9375,0.8125,0.75,-0.375,1.8125,0,-0.1875,2.875,2.1875,0,0,0
Action_3,GLY,-12.125,-11.0625,4.3125,11.1875,5.6875,0.5625,5.1875,3.8125,-0.5625,2.6875,3.5,1.8125,-44.375,36.5,3.6875,2.6875,-3.375,0.875,-2.1875,-3.75,3.25,-35.625,-40.75,-63.5,-150.8125,-116.25,100.9375,-41.8125,0,19.25,3.375,3,1,1.5,1.6875,-0.0625,2.9375,0.8125,0.75,-0.375,1.8125,0,-0.1875,2.875,2.1875,0,0,0
Action_3,GLZ,-12.125,-11.0625,4.3125,11.1875,5.6875,0.5625,5.1875,3.8125,-0.5625,2.6875,3.5,1.8125,-44.375,36.5,3.6875,2.6875,-3.375,0.875,-2.1875,-3.75,3.25,-35.625,-40.75,-63.5,-150.8125,-116.25,100.9375,-41.8125,0,19.25,3.375,3,1,1.5,1.6875,-0.0625,2.9375,0.8125,0.75,-0.375,1.8125,0,-0.1875,2.875,2.1875,0,0,0
Action_3,GRX,8.9375,-2.25,-8.0625,-7.6875,-2.375,-2.125,-2.8125,-0.4375,-1.4375,-1.5,-3.25,-9.9375,-18.375,29.6875,-40.5625,8,3.8125,8.9375,-1.375,4.5625,19.1875,6.8125,42.6875,22.4375,220.5625,12.125,-20.6875,57.9375,1,-46.9375,2.125,15.4375,-11.375,0.1875,5.8125,-3,-0.25,-0.25,-0.3125,-2.0625,-1.125,-2.125,0.375,-3.625,-1.1875,0,0,0
Action_3,GRY,8.9375,-2.25,-8.0625,-7.6875,-2.375,-2.125,-2.8125,-0.4375,-1.4375,-1.5,-3.25,-9.9375,-18.375,29.6875,-40.5625,8,3.8125,8.9375,-1.375,4.5625,19.1875,6.8125,42.6875,22.4375,220.5625,12.125,-20.6875,57.9375,1,-46.9375,2.125,15.4375,-11.375,0.1875,5.8125,-3,-0.25,-0.25,-0.3125,-2.0625,-1.125,-2.125,0.375,-3.625,-1.1875,0,0,0
Action_3,GRZ,8.9375,-2.25,-8.0625,-7.6875,-2.375,-2.125,-2.8125,-0.4375,-1.4375,-1.5,-3.25,-9.9375,-18.375,29.6875,-40.5625,8,3.8125,8.9375,-1.375,4.5625,19.1875,6.8125,42.6875,22.4375,220.5625,12.125,-20.6875,57.9375,1,-46.9375,2.125,15.4375,-11.375,0.1875,5.8125,-3,-0.25,-0.25,-0.3125,-2.0625,-1.125,-2.125,0.375,-3.625,-1.1875,0,0,0
Action_3,ORL,3.398345,3.396465,3.414426,3.446425,3.453104,3.448556,3.452459,3.455676,3.459364,3.465411,3.473042,3.480682,3.439822,3.410639,3.392092,3.384109,3.366452,3.365438,3.372625,3.37645,3.385884,3.353442,3.297033,3.179799,2.924224,2.684009,2.771564,2.778484,2.749984,2.740224,2.748929,2.760381,2.752729,2.750686,2.762526,2.759984,2.76096,2.761891,2.761156,2.760786,2.760216,2.756965,2.75634,2.758137,2.759696,0,0,0
Action_3,OPL,5.482578,5.45212,5.425758,5.430633,5.432218,5.426905,5.424399,5.434082,5.445699,5.457398,5.442138,5.341617,4.863531,4.3975,4.209457,4.180617,4.220283,4.242471,4.232459,4.201108,4.130353,3.936919,3.740522,3.519337,3.241567,3.118257,3.169403,3.160306,3.147397,3.14487,3.148061,3.14515,3.141514,3.140687,3.139298,3.138198,3.137796,3.135443,3.134787,3.134737,3.133784,3.133139,3.132641,3.132354,3.132372,0,0,0
Action_3,OYL,9.47136,9.514565,9.551024,9.569673,9.567083,9.547282,9.540977,9.53467,9.534699,9.534564,9.542186,9.549866,9.58688,9.64344,9.674378,9.702027,9.709179,9.70423,9.705738,9.69092,9.675306,9.659517,9.655115,9.704597,9.754642,9.694026,9.707957,9.673199,9.638812,9.682283,9.68827,9.67615,9.684755,9.687967,9.681852,9.684072,9.685884,9.688295,9.692133,9.692197,9.694976,9.696571,9.698773,9.699841,9.701517,0,0,0
Action_3,ORR,6.502941,6.496178,6.468835,6.453217,6.446451,6.443815,6.442843,6.443815,6.444574,6.441228,6.435761,6.421003,6.419002,6.423997,6.393964,6.406756,6.420061,6.426496,6.41852,6.413234,6.413022,6.459725,6.522064,6.606691,6.929623,7.156037,7.032103,7.087536,7.201841,7.115212,7.072846,7.124086,7.128911,7.098522,7.116089,7.112077,7.112261,7.112726,7.11291,7.111304,7.109759,7.103422,7.103174,7.101457,7.096256,0,0,0
Action_3,OPR,5.397496,5.371852,5.358753,5.362638,5.371544,5.381108,5.400369,5.416119,5.428392,5.433511,5.395563,5.24181,4.657139,4.306694,4.208354,4.217296,4.238839,4.24404,4.239954,4.209453,4.126428,3.908488,3.704369,3.493399,3.196804,3.110137,3.086858,3.082439,3.073714,3.074726,3.076913,3.070291,3.068988,3.067286,3.064646,3.059547,3.059246,3.058529,3.057687,3.056382,3.055504,3.053252,3.053054,3.052617,3.052406,0,0,0
Action_3,OYR,9.992097,9.976917,9.947001,9.931548,9.924721,9.923412,9.926104,9.930575,9.941218,9.952452,9.958467,9.952422,9.968317,9.932927,9.910992,9.881743,9.86726,9.867481,9.891169,9.906791,9.936031,9.970281,9.95448,9.905633,9.84236,9.809789,9.800014,9.800885,9.737864,9.760911,9.778405,9.764318,9.756767,9.769403,9.759977,9.763029,9.762509,9.762353,9.762488,9.763542,9.7628,9.764098,9.764127,9.762488,9.761124,0,0,0
Action_4,ALX,0.1645508,0.1015625,0.07470703,0.2104492,0.1030273,-0.01953125,-0.05126953,0.01464844,-0.01660156,-0.02148438,-0.0009765625,0.02587891,-0.1279297,-0.3876953,0.8330078,0.8896484,0.3574219,0.5361328,0.453125,0.6552734,0.5600586,0.5668945,0.6962891,0.7402344,0.7919922,0.8208008,0.887207,0.940918,0.84375,0.9619141,0.909668,0.9418945,0.9111328,0.9130859,0.9179688,0.9238281,0.9194336,0.9233398,0.918457,0.9248047,0.9243164,0.9189453,0.9165039,0.9160156,0,0,0,0
Action_4,ALY,-0.7612305,-0.7104492,-0.699707,-0.8427734,-0.9833984,-0.9145508,-0.9589844,-0.9887695,-0.925293,-0.8662109,-0.9165039,-0.8886719,-0.7807617,-0.4467773,-1.035645,-0.9057617,-0.9008789,-0.8808594,-0.7919922,-0.746582,-0.6928711,-0.6503906,-0.5532227,-0.5615234,-0.5175781,-0.5166016,-1.24707,-0.3447266,-0.3994141,-0.3276367,-0.3618164,-0.4272461,-0.3583984,-0.3691406,-0.3691406,-0.3735352,-0.3676758,-0.3759766,-0.3886719,-0.3676758,-0.3901367,-0.3701172,-0.3652344,-0.371582,0,0,0,0
Action_4,ALZ,0.2875977,0.3666992,0.3813477,0.46875,0.5131836,0.3999023,0.3535156,0.4282227,0.4282227,0.4262695,0.4321289,0.4536133,0.3930664,0.02490234,0.3764648,0.515625,0.2583008,0.3334961,0.3339844,0.2895508,0.3574219,0.2988281,0.2670898,0.2749023,0.3027344,0.237793,-0.3251953,-0.03857422,0.1708984,0.2158203,0.005859375,0.008300781,0.1015625,0.1083984,0.07080078,0.09667969,0.08154297,0.08544922,0.1083984,0.1010742,0.1064453,0.105957,0.1123047,0.1166992,0,0,0,0
Action_4,ARX,-0.04492188,-0.06396484,0.08496094,0.1420898,-0.01123047,-0.046875,-0.01708984,-0.01416016,-0.015625,-0.04248047,-0.01660156,-0.08691406,-0.3388672,0.1118164,1.23584,0.4736328,0.4516602,0.5253906,0.5644531,0.4780273,0.4667969,0.5761719,0.6547852,0.6196289,0.8481445,0.9541016,1.010254,0.7431641,0.8916016,0.9550781,0.918457,0.9038086,0.9199219,0.9160156,0.9072266,0.9145508,0.902832,0.909668,0.9052734,0.9052734,0.9091797,0.9077148,0.9082031,0.90625,0,0,0,0
Action_4,ARY,0.6474609,0.6137695,0.6303711,0.7695313,0.847168,0.8828125,0.8544922,0.8740234,0.8461914,0.8271484,0.7993164,0.7387695,0.4833984,0.7475586,1.054688,0.8354492,0.8032227,0.7080078,0.6962891,0.6635742,0.671875,0.5170898,0.487793,0.4462891,0.5146484,0.6005859,0.02978516,0.7202148,0.3500977,0.3027344,0.3012695,0.3442383,0.3320313,0.3110352,0.3242188,0.340332,0.3398438,0.3295898,0.3320313,0.3349609,0.3320313,0.3422852,0.3432617,0.3466797,0,0,0,0
Action_4,ARZ,0.4536133,0.4633789,0.5087891,0.6040039,0.5551758,0.5288086,0.5522461,0.5561523,0.5698242,0.5844727,0.5756836,0.534668,0.2827148,0.5351563,0.7109375,0.5078125,0.4746094,0.4526367,0.4414063,0.449707,0.4453125,0.4150391,0.3720703,0.3564453,0.277832,-0.01513672,0.2304688,0.1318359,0.09960938,-0.03320313,0.1254883,0.1713867,0.1289063,0.1557617,0.1416016,0.140625,0.1430664,0.1010742,0.1289063,0.121582,0.1025391,0.1147461,0.1201172,0.1220703,0,0,0,0
Action_4,EMG0L,-41,33,-48,-11,-8,40,-2,-13,10,-15,-18,-18,57,-75,1,11,3,9,6,-13,-6,14,-20,30,3,5,-4,12,-16,-1,4,-9,0,-8,6,-2,-10,-8,15,-8,-3,5,-7,8,0,0,0,0
Action_4,EMG1L,-20,11,12,3,-7,5,-3,8,31,-7,-12,-3,12,-13,-68,19,30,-8,57,2,-11,10,-7,14,-2,17,8,8,-5,0,-1,-1,-1,13,3,-2,3,3,8,-3,-7,1,1,-2,0,0,0,0
Action_4,EMG2L,19,27,-21,11,2,-3,-5,-10,38,-9,-19,-13,2,22,-34,26,32,3,89,9,4,11,2,3,-1,0,0,0,1,0,-1,0,-2,1,1,-1,-2,-1,-1,2,-2,-2,-3,-2,0,0,0,0
Action_4,EMG3L,-17,51,45,-14,9,56,-4,-5,-3,-48,-24,-6,36,-18,-43,-19,34,19,37,11,1,-38,-12,-23,-3,-3,-1,-4,-1,2,-3,0,-2,0,0,-3,-6,-1,-2,0,-1,-2,-2,-3,0,0,0,0
Action_4,EMG4L,-24,23,24,11,12,7,11,-16,-5,-20,-11,-3,-7,-13,14,36,-33,23,-1,9,-16,-14,-2,0,7,-6,-1,-2,-4,1,-1,-2,-1,0,-1,-1,-1,-1,-1,0,1,-3,-1,-1,0,0,0,0
Action_4,EMG5L,-9,22,23,23,18,-14,-5,-6,1,-6,-13,-21,-13,7,43,48,5,30,11,46,-18,15,-3,4,15,-6,-3,-1,-2,-3,-2,1,-2,-1,1,0,0,-1,-3,1,0,-1,-3,0,0,0,0,0
Action_4,EMG6L,6,1,-11,4,14,-15,-32,24,1,5,-20,-23,-5,46,-22,91,-15,24,4,16,-11,40,9,-7,16,-29,-17,-2,3,-11,-4,0,-1,2,1,2,0,0,1,3,-1,-3,-3,-2,0,0,0,0
Action_4,EMG7L,-4,-28,17,4,0,11,-3,-13,-15,-50,-25,-49,-3,-50,-27,50,-5,-14,-40,-16,3,26,-6,-4,19,-6,1,-5,-6,-8,-4,-1,1,3,1,2,3,1,0,1,2,-3,-1,-2,0,0,0,0
Action_4,EMG0R,-11,-11,28,-3,4,12,-8,5,-8,6,9,12,-43,40,15,0,-1,9,-3,-9,9,-17,27,8,-10,50,1,7,-3,-7,-34,14,7,12,-6,7,-16,4,-4,-3,-1,-1,-4,-28,0,0,0,0
Action_4,EMG1R,-19,7,8,-12,-11,12,-7,17,-7,5,-2,6,5,52,13,-8,5,7,19,-20,5,-3,18,6,-4,17,2,-6,-3,-9,-9,1,3,3,-4,-2,-4,2,-4,2,0,-2,-2,-8,0,0,0,0
Action_4,EMG2R,-7,3,-7,-3,2,5,-6,11,-7,-6,3,9,15,3,66,28,-22,-26,38,-22,2,0,-3,4,-4,5,2,-6,-1,-2,-3,-2,3,0,-1,-2,-3,-2,-2,-1,-2,-1,-3,-1,0,0,0,0
Action_4,EMG3R,2,2,-2,2,10,14,-4,7,-6,-6,8,6,-6,30,71,-47,-22,2,-5,-9,-23,-12,-5,3,0,0,0,-2,-2,-2,-2,-1,0,2,2,2,-1,-3,2,0,-1,1,-3,1,0,0,0,0
Action_4,EMG4R,-8,8,-14,3,12,-3,38,-1,26,-10,-4,9,0,14,-45,34,-61,-1,-46,-10,-25,8,7,4,-3,1,6,-3,2,-2,-3,1,-1,-3,6,4,-8,-1,11,1,-1,3,-3,6,0,0,0,0
Action_4,EMG5R,-3,-3,7,5,1,9,7,-5,-2,-1,0,1,3,-6,2,25,-9,-9,-18,2,-12,75,-11,-12,3,0,1,-9,-4,-3,-4,5,-4,0,4,5,-13,5,-6,2,-8,4,0,3,0,0,0,0
Action_4,EMG6R,12,12,-9,10,6,9,-14,12,-7,-10,5,-14,-6,28,-4,-27,-17,20,-15,2,-4,0,-25,4,8,0,5,-22,-5,-2,-11,12,4,2,4,5,-21,20,6,-10,-1,-3,10,10,0,0,0,0
Action_4,EMG7R,-19,-27,-29,14,9,-8,-12,-2,-8,33,-10,15,-80,93,-80,-40,39,-12,-30,6,55,4,0,8,-24,27,-3,-4,7,-2,-5,-5,3,3,-2,-3,-8,2,-13,-1,2,-1,-5,-4,0,0,0,0
Action_4,GLX,9.125,-23.1875,-26.75,-11.875,5.9375,10.625,10.0625,-2.1875,0.125,4.4375,6.8125,4.3125,9.75,3.875,-43.875,-2.625,13.1875,2.125,-4.25,4.875,-5.5625,5.6875,-31.25,-35.375,-36.8125,-26.1875,-146.625,102.3125,-50,-40.4375,31.1875,12.3125,-2.8125,-5.625,-0.5625,7.375,1.4375,6.8125,2.6875,0.8125,-0.4375,-2.125,-7.3125,-4.1875,0,0,0,0
Action_4,GLY,9.125,-23.1875,-26.75,-11.875,5.9375,10.625,10.0625,-2.1875,0.125,4.4375,6.8125,4.3125,9.75,3.875,-43.875,-2.625,13.1875,2.125,-4.25,4.875,-5.5625,5.6875,-31.25,-35.375,-36.8125,-26.1875,-146.625,102.3125,-50,-40.4375,31.1875,12.3125,-2.8125,-5.625,-0.5625,7.375,1.4375,6.8125,2.6875,0.8125,-0.4375,-2.125,-7.3125,-4.1875,0,0,0,0
Action_4,GLZ,9.125,-23.1875,-26.75,-11.875,5.9375,10.625,10.0625,-2.1875,0.125,4.4375,6.8125,4.3125,9.75,3.875,-43.875,-2.625,13.1875,2.125,-4.25,4.875,-5.5625,5.6875,-31.25,-35.375,-36.8125,-26.1875,-146.625,102.3125,-50,-40.4375,31.1875,12.3125,-2.8125,-5.625,-0.5625,7.375,1.4375,6.8125,2.6875,0.8125,-0.4375,-2.125,-7.3125,-4.1875,0,0,0,0
Action_4,GRX,27.375,30.625,20,1.5,-12.3125,-7.8125,0,0.5,3.4375,-1.625,-9.75,-9,-13.5625,-1.1875,23.625,-22.8125,8,-1.25,3.25,0,3.125,34.125,27.75,21.5,32.8125,91.125,-63.6875,154.1875,14.9375,10.0625,-57.375,-5.9375,5.6875,-5,0.1875,-1.3125,9,9.5,1.25,3.75,-2.9375,-9,-6.75,-2.25,0,0,0,0
Action_4,GRY,27.375,30.625,20,1.5,-12.3125,-7.8125,0,0.5,3.4375,-1.625,-9.75,-9,-13.5625,-1.1875,23.625,-22.8125,8,-1.25,3.25,0,3.125,34.125,27.75,21.5,32.8125,91.125,-63.6875,154.1875,14.9375,10.0625,-57.375,-5.9375,5.6875,-5,0.1875,-1.3125,9,9.5,1.25,3.75,-2.9375,-9,-6.75,-2.25,0,0,0,0
Action_4,GRZ,27.375,30.625,20,1.5,-12.3125,-7.8125,0,0.5,3.4375,-1.625,-9.75,-9,-13.5625,-1.1875,23.625,-22.8125,8,-1.25,3.25,0,3.125,34.125,27.75,21.5,32.8125,91.125,-63.6875,154.1875,14.9375,10.0625,-57.375,-5.9375,5.6875,-5,0.1875,-1.3125,9,9.5,1.25,3.75,-2.9375,-9,-6.75,-2.25,0,0,0,0
Action_4,ORL,3.229418,3.21352,3.173055,3.145892,3.15234,3.176623,3.193878,3.194014,3.197635,3.205997,3.20618,3.220841,3.235109,3.251606,3.178549,3.159227,3.147001,3.150079,3.158342,3.150974,3.147361,3.159134,3.120935,3.100768,3.059821,3.030056,2.775187,2.740723,2.769644,2.795133,2.829252,2.812845,2.834764,2.846378,2.846195,2.859873,2.873282,2.886553,2.899207,2.913972,2.921157,2.928158,2.929138,2.931403,0,0,0,0
Action_4,OPL,4.369593,4.699403,4.901769,4.94745,4.940153,4.957714,4.97901,4.980845,4.990164,5.014209,5.025455,5.022192,5.012063,4.832206,4.399117,4.119324,4.001432,3.996964,4.026671,4.044508,4.050929,4.01555,3.921073,3.818765,3.564378,3.367969,3.122969,3.136111,3.134987,3.130244,3.127378,3.129024,3.134314,3.135418,3.131841,3.13273,3.131779,3.132597,3.130975,3.128258,3.124546,3.120224,3.11529,3.112258,0,0,0,0
Action_4,OYL,9.58985,9.576243,9.551266,9.539382,9.552412,9.563024,9.577506,9.579647,9.570518,9.562657,9.567226,9.570382,9.567416,9.6134,9.703515,9.771853,9.796147,9.777757,9.762146,9.77819,9.780226,9.784442,9.787206,9.772663,9.728235,9.713709,9.759376,9.885635,9.790455,9.689589,9.679455,9.722992,9.709682,9.685597,9.683208,9.669419,9.661319,9.656863,9.649468,9.641018,9.631397,9.623229,9.612712,9.599277,0,0,0,0
Action_4,ORR,6.510671,6.563322,6.589239,6.589976,6.572454,6.559405,6.553238,6.560024,6.563989,6.561507,6.544496,6.527573,6.508449,6.546817,6.561331,6.546235,6.561315,6.579011,6.588844,6.588049,6.578008,6.573487,6.594377,6.578696,6.606504,6.770512,6.773829,6.869013,6.884634,7.048689,6.92888,6.844058,6.85886,6.853427,6.856774,6.869349,6.88581,6.940378,6.953894,6.969698,6.984141,6.973736,6.964746,6.972893,0,0,0,0
Action_4,OPR,4.723878,4.97255,5.041317,5.000714,4.98055,4.985045,4.990068,5.000912,5.016764,5.035402,5.059977,5.071603,5.020948,4.558465,4.241224,4.116993,4.094276,4.110995,4.118399,4.128203,4.111786,4.042023,3.853707,3.671194,3.460291,3.264064,3.149101,3.092321,3.090303,3.075721,3.092239,3.09779,3.09858,3.104195,3.106004,3.105516,3.105783,3.106627,3.107206,3.106996,3.108366,3.109236,3.110103,3.110305,0,0,0,0
Action_4,OYR,9.54956,9.560902,9.57631,9.580981,9.571077,9.559402,9.555471,9.563172,9.571135,9.575953,9.578579,9.577448,9.558392,9.529685,9.476669,9.471589,9.44669,9.434679,9.424367,9.43011,9.450679,9.496201,9.581367,9.659837,9.705489,9.686309,9.491441,9.607535,9.612681,9.486387,9.539011,9.570307,9.560363,9.557459,9.551695,9.537683,9.529919,9.496516,9.485568,9.474626,9.463033,9.460309,9.456246,9.439939,0,0,0,0
Action_5,ALX,0.9165039,1.03418,1,1.020996,0.7329102,0.4365234,0.2207031,0.1123047,0.1318359,0.06640625,-0.06396484,-0.112793,-0.08886719,-0.08203125,-0.04931641,-0.05712891,-0.09716797,-0.09960938,-0.1337891,-0.5922852,2.881348,1.092285,0.3745117,0.6503906,0.706543,0.6845703,0.8266602,0.8666992,0.8422852,1.111816,0.4702148,0.9282227,0.9077148,0.9072266,0.9331055,0.9169922,0.9042969,0.9033203,0.9179688,0.9121094,0.9101563,0.9033203,0.9189453,0.9057617,0,0,0,0
Action_5,ALY,-0.3774414,-0.4482422,-0.6269531,-0.5361328,-0.8012695,-0.7666016,-0.6899414,-0.706543,-0.784668,-0.8496094,-0.921875,-0.9599609,-0.9702148,-0.972168,-0.9311523,-0.8901367,-0.9125977,-0.9145508,-0.8364258,0.05078125,-1.445801,-1.384277,-1.036133,-0.7529297,-0.6054688,-0.5488281,-0.4931641,-0.5097656,-0.5126953,-0.1787109,-1.550781,-0.06201172,-0.2333984,-0.4355469,-0.4023438,-0.4091797,-0.4125977,-0.3569336,-0.4101563,-0.4067383,-0.3979492,-0.4101563,-0.3862305,-0.3979492,0,0,0,0
Action_5,ALZ,0.1157227,0.1064453,0.05566406,0.08496094,0.3916016,0.4624023,0.3671875,0.4375,0.4243164,0.3969727,0.4262695,0.371582,0.4091797,0.4204102,0.4282227,0.4091797,0.4335938,0.4101563,0.4375,-0.07861328,0.5083008,0.2875977,0.3095703,0.3774414,0.2363281,0.1289063,0.1728516,0.2578125,0.2109375,0.1313477,-0.2900391,-0.03613281,0.2827148,0.1430664,-0.01904297,0.03955078,0.1533203,0.1010742,0.09912109,0.0859375,0.1044922,0.1035156,0.09326172,0.09863281,0,0,0,0
Action_5,ARX,0.9208984,1.115234,1.002441,0.6665039,0.3129883,0.1313477,0.06152344,0.08105469,-0.01269531,-0.1220703,-0.140625,-0.1630859,-0.1303711,-0.1352539,-0.1337891,-0.1435547,-0.1347656,-0.1645508,-0.2680664,-0.3666992,2.105957,0.484375,0.5800781,0.6733398,0.7246094,0.6918945,0.7924805,0.8447266,1.004883,0.8808594,1.013672,0.8686523,0.9223633,0.925293,0.8945313,0.9199219,0.9082031,0.9121094,0.9033203,0.9038086,0.9077148,0.9047852,0.9018555,0.9033203,0,0,0,0
Action_5,ARY,0.3325195,0.4360352,0.5219727,0.7924805,0.7412109,0.7392578,0.6625977,0.7070313,0.7963867,0.8427734,0.8647461,0.8725586,0.8740234,0.8823242,0.8837891,0.8632813,0.8457031,0.7954102,0.4692383,0.7739258,0.362793,1.114746,0.7133789,0.465332,0.4609375,0.4448242,0.4296875,0.4951172,0.2636719,0.6977539,-0.01855469,0.309082,0.3178711,0.3242188,0.3320313,0.3295898,0.3442383,0.3286133,0.3432617,0.3393555,0.3408203,0.3388672,0.3349609,0.3481445,0,0,0,0
Action_5,ARZ,0.1552734,0.1020508,0.5068359,0.6040039,0.512207,0.4741211,0.4956055,0.5361328,0.5083008,0.5478516,0.5024414,0.5029297,0.5117188,0.5068359,0.5166016,0.5019531,0.5356445,0.4980469,0.3535156,0.2114258,0.7172852,0.4511719,0.4848633,0.409668,0.375,0.3476563,0.2802734,0.3466797,0.2563477,-0.1337891,0.3398438,0.1875,0.02148438,0.09619141,0.1865234,0.1635742,0.1279297,0.1513672,0.1391602,0.1279297,0.1303711,0.1337891,0.1420898,0.1479492,0,0,0,0
Action_5,EMG0L,-10,30,58,-9,-3,5,-12,23,17,39,55,-36,51,17,-8,-12,34,-25,7,-7,-32,-14,13,29,25,-10,48,-22,-16,-10,21,-5,0,-5,10,-26,6,2,-4,-4,10,-1,-5,0,0,0,0,0
Action_5,EMG1L,-8,9,-15,-16,5,4,20,0,18,11,11,10,-1,25,36,-19,-4,-2,15,23,-8,-23,0,-17,17,3,28,-6,-7,-15,6,1,3,3,-11,-11,6,1,-6,1,-1,2,-5,2,0,0,0,0
Action_5,EMG2L,-3,-2,-9,6,-14,8,7,-10,18,24,21,-4,-25,8,-35,39,-4,-21,3,88,-19,-34,19,-44,-5,5,-3,8,-6,-1,-12,-2,-1,5,-3,-2,-3,0,0,0,-1,0,-1,1,0,0,0,0
Action_5,EMG3L,-2,3,-3,4,-29,34,-1,-39,-32,-2,21,-16,-19,27,-8,52,20,17,-5,-5,20,-67,11,48,26,20,-36,12,7,-5,-3,-12,0,-2,-3,-1,-1,-2,-3,-3,0,2,0,-1,0,0,0,0
Action_5,EMG4L,-3,5,-4,5,-13,9,-2,11,-1,-15,7,1,-2,-8,3,1,6,24,5,1,-16,-1,24,2,5,16,-7,-10,-6,1,-2,-3,3,-3,-2,-2,-3,-2,-1,-3,0,1,1,0,0,0,0,0
Action_5,EMG5L,-8,0,-12,0,1,9,22,11,0,16,-11,-19,-3,-26,25,3,12,15,12,12,13,34,-12,15,-4,8,-17,-7,-16,2,-5,-8,-1,1,-5,0,-3,-2,-1,-2,-1,0,1,1,0,0,0,0
Action_5,EMG6L,-4,-5,-5,3,-12,13,39,-7,-22,0,-45,2,-23,-1,30,-9,11,-11,18,15,21,68,-40,-13,-5,15,-31,-35,-53,3,7,-17,-6,-1,-11,3,0,1,-2,3,1,-1,-1,-2,0,0,0,0
Action_5,EMG7L,-2,7,12,13,-7,27,-91,6,86,56,-6,-48,-6,13,-3,43,52,12,92,38,26,-43,-22,-1,-5,31,1,-7,-22,4,-4,-8,0,-7,-7,1,-3,1,0,-3,-2,0,1,-2,0,0,0,0
Action_5,EMG0R,11,-9,-5,-6,0,7,5,8,-5,-10,-17,-13,20,6,5,7,2,1,0,-46,15,17,15,8,18,15,-7,43,-5,9,15,8,0,-4,0,-5,-5,-1,0,-1,-1,1,1,-1,0,0,0,0
Action_5,EMG1R,7,-6,-3,-9,-3,7,1,4,-1,-10,-5,-27,17,3,-23,4,11,-20,6,-34,-30,4,25,16,20,0,-7,-5,6,4,8,1,-2,0,-1,0,-3,-3,0,1,-2,1,-1,-1,0,0,0,0
Action_5,EMG2R,-4,-7,-2,0,2,7,-2,-3,12,1,0,-4,-2,9,-6,-7,2,-5,14,62,-57,5,-7,5,2,-2,-3,-5,6,0,1,-2,0,1,-2,-1,0,0,-1,-1,-1,-1,-3,-1,0,0,0,0
Action_5,EMG3R,2,10,-15,-11,1,3,-4,-7,1,4,2,-1,3,-2,1,-3,-2,11,10,37,61,-44,6,-13,1,-34,4,-6,0,1,-1,0,-1,-3,0,2,2,-2,1,-1,-1,0,2,-1,0,0,0,0
Action_5,EMG4R,0,2,3,-4,1,-9,-5,-9,-8,-7,-4,-9,-11,0,-21,0,17,14,9,-38,3,-26,26,-9,1,-3,-15,-14,-6,0,-5,4,-3,-5,-5,9,3,-4,0,-2,0,-4,8,-9,0,0,0,0
Action_5,EMG5R,1,-6,7,-4,9,6,0,-3,2,-18,2,7,-3,-4,-21,-1,20,18,11,-4,-4,-36,1,-3,1,-11,6,1,-37,5,3,12,4,-4,-13,-9,-2,-2,4,-2,-1,2,-8,-8,0,0,0,0
Action_5,EMG6R,-5,3,4,12,16,4,-28,1,6,-57,9,31,3,-22,17,-6,-32,17,8,-33,-64,-22,29,14,-2,-23,25,2,-23,1,-11,23,11,0,-21,-13,-5,-2,-4,1,-4,1,-4,-22,0,0,0,0
Action_5,EMG7R,14,10,-1,12,-4,15,17,11,17,-33,-45,34,39,7,-19,-26,-28,0,-4,-90,-106,-64,38,54,-4,-11,-6,4,2,9,3,4,-2,-2,-5,-9,-4,0,-1,-5,-3,0,-1,0,0,0,0,0
Action_5,GLX,-0.8125,28.5,110,121.875,-2.9375,-35.75,-26.9375,-31.25,-15.4375,0.5625,12.5,8.9375,4.5625,-2.5625,-2.25,0.625,2,9.625,7.3125,34.5,-65.5,7.125,-5.1875,-30.25,6.5625,-1.375,-52.3125,-48.4375,-17.4375,-61.5,-356.6875,-48.75,-58.5625,-16.5625,42.0625,1.75,-5.5,2.8125,-0.5625,5.4375,2.125,-5.1875,-2,-0.125,0,0,0,0
Action_5,GLY,-0.8125,28.5,110,121.875,-2.9375,-35.75,-26.9375,-31.25,-15.4375,0.5625,12.5,8.9375,4.5625,-2.5625,-2.25,0.625,2,9.625,7.3125,34.5,-65.5,7.125,-5.1875,-30.25,6.5625,-1.375,-52.3125,-48.4375,-17.4375,-61.5,-356.6875,-48.75,-58.5625,-16.5625,42.0625,1.75,-5.5,2.8125,-0.5625,5.4375,2.125,-5.1875,-2,-0.125,0,0,0,0
Action_5,GLZ,-0.8125,28.5,110,121.875,-2.9375,-35.75,-26.9375,-31.25,-15.4375,0.5625,12.5,8.9375,4.5625,-2.5625,-2.25,0.625,2,9.625,7.3125,34.5,-65.5,7.125,-5.1875,-30.25,6.5625,-1.375,-52.3125,-48.4375,-17.4375,-61.5,-356.6875,-48.75,-58.5625,-16.5625,42.0625,1.75,-5.5,2.8125,-0.5625,5.4375,2.125,-5.1875,-2,-0.125,0,0,0,0
Action_5,GRX,-1.25,-75.1875,-48.375,-1.25,-0.5,29.4375,41,24.75,6.6875,-4.875,-5.3125,-2.8125,-0.1875,1.9375,-1.4375,-1.5625,-4.1875,-8,-31.1875,32.5625,13.625,-30,-1.75,24.875,11.1875,4.25,25.25,31.5625,66.625,37.625,-28,26.375,42.4375,-29.3125,-24.8125,5.125,4.125,-3.75,7.6875,3.375,-0.875,-9.25,-6.0625,-3.0625,0,0,0,0
Action_5,GRY,-1.25,-75.1875,-48.375,-1.25,-0.5,29.4375,41,24.75,6.6875,-4.875,-5.3125,-2.8125,-0.1875,1.9375,-1.4375,-1.5625,-4.1875,-8,-31.1875,32.5625,13.625,-30,-1.75,24.875,11.1875,4.25,25.25,31.5625,66.625,37.625,-28,26.375,42.4375,-29.3125,-24.8125,5.125,4.125,-3.75,7.6875,3.375,-0.875,-9.25,-6.0625,-3.0625,0,0,0,0
Action_5,GRZ,-1.25,-75.1875,-48.375,-1.25,-0.5,29.4375,41,24.75,6.6875,-4.875,-5.3125,-2.8125,-0.1875,1.9375,-1.4375,-1.5625,-4.1875,-8,-31.1875,32.5625,13.625,-30,-1.75,24.875,11.1875,4.25,25.25,31.5625,66.625,37.625,-28,26.375,42.4375,-29.3125,-24.8125,5.125,4.125,-3.75,7.6875,3.375,-0.875,-9.25,-6.0625,-3.0625,0,0,0,0
Action_5,ORL,2.973226,2.989228,3.111573,3.185604,3.314533,3.258791,3.212334,3.161862,3.138566,3.138711,3.157402,3.182791,3.183671,3.17943,3.179998,3.182199,3.182683,3.187587,3.209283,3.279906,3.102718,3.047136,3.006284,2.990801,3.021837,3.028935,2.968208,2.905283,2.912333,2.930469,2.713922,2.810286,2.828419,2.844391,2.875123,2.862044,2.871262,2.877319,2.875091,2.882524,2.888212,2.884934,2.881671,2.878883,0,0,0,0
Action_5,OPL,3.139169,3.158284,3.257722,3.313742,3.791112,4.320545,4.683389,4.933028,5.047276,5.07754,5.084887,5.09857,5.103201,5.109418,5.117871,5.125078,5.13217,5.141783,5.145713,4.868133,4.278208,3.928743,3.841888,3.849493,3.865765,3.823864,3.734142,3.602322,3.403918,3.231972,3.134484,3.166695,3.169386,3.15735,3.16564,3.16839,3.173387,3.171999,3.17042,3.17168,3.173389,3.172972,3.172251,3.172085,0,0,0,0
Action_5,OYL,9.497299,9.50413,9.51057,9.502746,9.449017,9.426217,9.40585,9.384459,9.383413,9.39929,9.416118,9.4334,9.431186,9.425389,9.420775,9.415972,9.416596,9.41641,9.415694,9.482864,9.667766,9.811482,9.852921,9.845503,9.812392,9.789213,9.777615,9.731963,9.683993,9.613721,9.47523,9.559512,9.431227,9.353623,9.396864,9.434754,9.415467,9.413791,9.414387,9.419697,9.42065,9.41379,9.414447,9.411626,0,0,0,0
Action_5,ORR,6.739247,6.619019,6.436941,6.42734,6.472461,6.525705,6.609056,6.647974,6.6608,6.647973,6.637134,6.634497,6.635844,6.638727,6.638609,6.638617,6.634594,6.623452,6.581498,6.534245,6.532821,6.574709,6.617341,6.638559,6.627051,6.614036,6.62754,6.653393,6.662348,6.875601,6.727752,6.78641,6.897955,6.879203,6.817578,6.80536,6.826471,6.836351,6.850669,6.858036,6.85348,6.844607,6.829947,6.824189,0,0,0,0
Action_5,OPR,3.125703,3.198756,3.416789,3.768923,4.322591,4.709974,5.039979,5.123967,5.144495,5.152092,5.166745,5.170471,5.170283,5.176287,5.183857,5.195852,5.206052,5.211063,5.163036,4.562789,4.043305,3.888277,3.894389,3.890241,3.861621,3.783664,3.665748,3.514299,3.283768,3.1582,3.114229,3.118036,3.104041,3.104142,3.116941,3.11949,3.124066,3.126876,3.127959,3.123476,3.119874,3.121232,3.121702,3.12112,0,0,0,0
Action_5,OYR,9.61225,9.654886,9.737245,9.731626,9.628436,9.577486,9.569626,9.570017,9.565341,9.549647,9.529398,9.527982,9.528723,9.528532,9.526702,9.525009,9.529845,9.53757,9.517848,9.455696,9.370564,9.348964,9.312261,9.331095,9.3569,9.400196,9.422579,9.463866,9.569212,9.566814,9.507884,9.593654,9.551347,9.555067,9.564373,9.559862,9.553167,9.536578,9.530431,9.531039,9.538381,9.53522,9.537519,9.537911,0,0,0,0
Action_6,ALX,0.06933594,0.05175781,0.02978516,0.009765625,0.03027344,0.06347656,0.03271484,-0.0234375,-0.4257813,0.8354492,0.4272461,0.5932617,0.5214844,0.6044922,0.6147461,0.8227539,0.8706055,0.8481445,1.136719,0.8422852,0.875,0.9125977,0.9023438,0.9282227,0.9067383,0.9003906,0.8994141,0.9145508,0.902832,0.9091797,0.9116211,0.9047852,0.9082031,0.9067383,0.9057617,0.9042969,0.9077148,0.9052734,0.8979492,0.909668,0.9077148,0.9013672,0.8959961,0.9018555,0,0,0,0
Action_6,ALY,-0.8237305,-0.9169922,-0.9194336,-0.9394531,-0.9067383,-0.9238281,-0.8632813,-0.6108398,-0.2929688,-1.060059,-0.9770508,-0.8999023,-0.7617188,-0.6396484,-0.5898438,-0.4887695,-0.5209961,-0.4707031,-0.8081055,-0.6870117,-0.3720703,-0.2128906,-0.4990234,-0.4047852,-0.4584961,-0.3828125,-0.4130859,-0.4125977,-0.3979492,-0.402832,-0.4150391,-0.4052734,-0.4042969,-0.4111328,-0.4086914,-0.4018555,-0.3920898,-0.4145508,-0.3964844,-0.4116211,-0.3950195,-0.4121094,-0.4169922,-0.4067383,0,0,0,0
Action_6,ALZ,0.394043,0.4423828,0.4350586,0.4404297,0.4311523,0.4399414,0.4331055,0.3017578,0.1972656,0.546875,0.3432617,0.3413086,0.3466797,0.2802734,0.3115234,0.253418,0.3740234,0.2177734,-0.2607422,-0.1865234,0.1933594,0.2407227,0.1079102,-0.06542969,0.06445313,0.1625977,0.09179688,0.07519531,0.1152344,0.1035156,0.09423828,0.1069336,0.09960938,0.1015625,0.1035156,0.1054688,0.09765625,0.1069336,0.09130859,0.1074219,0.1049805,0.1030273,0.109375,0.1245117,0,0,0,0
Action_6,ARX,0.006835938,-0.02099609,-0.05761719,-0.04101563,-0.04980469,-0.02685547,-0.08789063,-0.5449219,0.9599609,0.4428711,0.5561523,0.559082,0.5820313,0.5253906,0.6088867,0.6723633,0.7802734,0.9165039,0.9638672,0.7602539,0.7739258,0.934082,0.9350586,0.8735352,0.8808594,0.9116211,0.8930664,0.8916016,0.8955078,0.9013672,0.8989258,0.8974609,0.8945313,0.8974609,0.8964844,0.9042969,0.8979492,0.8930664,0.8984375,0.8896484,0.890625,0.8857422,0.8916016,0.9238281,0,0,0,0
Action_6,ARY,0.8129883,0.8408203,0.8662109,0.8847656,0.8623047,0.8208008,0.6630859,0.4023438,0.4394531,0.9794922,0.9677734,0.6914063,0.6308594,0.6259766,0.5009766,0.5102539,0.5810547,0.3720703,0.7041016,0.5888672,0.3427734,0.2817383,0.4135742,0.3422852,0.4238281,0.3432617,0.3588867,0.3603516,0.3598633,0.3618164,0.3579102,0.3549805,0.3583984,0.3603516,0.3549805,0.3598633,0.3623047,0.3632813,0.3642578,0.3730469,0.3876953,0.387207,0.347168,0.3613281,0,0,0,0
Action_6,ARZ,0.5405273,0.5097656,0.4975586,0.5087891,0.4990234,0.4970703,0.4599609,0.2998047,0.8276367,0.4921875,0.4731445,0.4052734,0.4233398,0.4287109,0.4121094,0.3671875,0.2626953,0.3115234,0.03515625,0.171875,0.2705078,0.1030273,-0.02001953,0.1816406,0.1801758,0.1323242,0.1088867,0.1787109,0.1494141,0.1337891,0.1499023,0.1459961,0.1425781,0.1489258,0.1533203,0.1591797,0.1489258,0.15625,0.15625,0.1689453,0.1679688,0.1640625,0.1601563,0.1508789,0,0,0,0
Action_6,EMG0L,-5,2,-26,-28,12,-17,1,13,-16,-2,-23,51,-44,-23,-4,7,-49,17,-10,8,2,3,-11,3,4,11,-8,-3,-2,-1,-13,-1,-1,-10,-2,3,-2,2,1,-2,2,-10,-6,7,0,0,0,0
Action_6,EMG1L,-35,7,-14,2,-23,-7,0,31,67,-66,-39,-27,1,-1,-14,8,-11,1,-22,3,11,5,-8,0,3,-10,-3,-16,8,-3,6,-3,-1,-3,-7,-5,1,-3,-2,-2,-3,3,-6,7,0,0,0,0
Action_6,EMG2L,-16,-5,-1,-5,-9,-2,-3,-8,60,-66,-37,-51,-5,1,-13,-4,0,0,-5,0,11,-1,-3,-4,-3,-2,0,-5,2,-1,5,-2,-3,0,-2,-1,1,2,0,-1,-1,0,5,4,0,0,0,0
Action_6,EMG3L,-21,-1,-2,-17,-24,27,-5,-30,23,6,15,28,33,0,-12,28,21,1,-3,-2,16,-2,-1,-6,-1,2,0,-1,-1,0,-1,0,-4,-1,-2,-1,0,-3,-3,-1,0,-2,0,0,0,0,0,0
Action_6,EMG4L,-17,1,-9,-4,-12,11,-1,-11,29,-28,7,13,27,-10,9,1,-1,-1,-3,1,-1,1,-1,-3,2,0,0,-1,0,-2,-1,0,-2,-3,1,-1,-2,-2,-2,-2,1,-2,-3,-1,0,0,0,0
Action_6,EMG5L,-1,9,-11,-25,-1,3,-7,11,-28,-28,14,13,-12,-14,33,-19,5,-3,0,-3,8,2,-1,-3,1,-1,-2,0,2,-2,-3,-4,-2,-2,-1,-1,-1,-1,-2,0,-1,1,-1,0,0,0,0,0
Action_6,EMG6L,22,12,-17,-2,4,8,-9,15,-12,-59,-10,-4,24,-28,86,-108,30,-34,10,-8,25,3,0,-8,1,-4,-7,-6,1,-2,-8,-3,-1,0,-1,0,1,0,0,0,0,-4,-1,0,0,0,0,0
Action_6,EMG7L,5,39,-34,-17,30,10,-1,19,109,-35,53,56,-35,-21,-7,-4,-21,-12,-12,-3,7,0,-2,-6,1,0,-1,-8,1,-1,-10,-3,2,-1,0,-1,2,3,-3,-1,0,-3,-5,2,0,0,0,0
Action_6,EMG0R,-6,1,-4,7,-3,-5,13,-8,8,-46,-7,7,-6,19,-13,-27,19,-6,-9,1,4,7,0,-1,-4,4,1,-2,0,-3,3,0,1,-2,-3,0,-3,2,-2,-2,-2,3,-1,-2,0,0,0,0
Action_6,EMG1R,-3,7,-11,0,-5,-4,2,2,6,-13,0,-1,-16,7,-5,-8,0,3,-1,1,1,-2,1,2,-2,-3,-1,-2,-1,0,2,2,1,-3,-2,0,0,-1,-1,1,-3,0,1,0,0,0,0,0
Action_6,EMG2R,-9,4,-5,-2,-4,-5,-4,-1,53,4,-52,-2,-7,-1,-6,-5,0,1,-1,1,-1,0,-1,-1,-2,-1,0,-1,0,1,0,0,-1,-1,-1,-1,0,-1,0,0,0,0,-1,-2,0,0,0,0
Action_6,EMG3R,-7,0,-5,1,-2,0,-1,11,22,-51,-20,-5,0,6,-2,-3,0,2,0,2,-2,0,-6,0,-4,0,-1,-2,2,-1,-1,-1,0,-2,-1,0,1,-3,-2,1,-2,-1,-2,-1,0,0,0,0
Action_6,EMG4R,-9,-2,-2,-4,4,0,-16,-13,8,-3,-48,4,8,4,-23,10,-4,1,0,3,-7,-2,0,2,-9,0,1,-3,5,-2,-7,-4,-4,2,-1,3,0,-3,-7,2,-6,-2,-6,-1,0,0,0,0
Action_6,EMG5R,-3,-3,-2,0,-1,4,22,-6,5,17,-14,-7,10,-13,12,20,8,15,-9,1,-4,-2,0,8,11,13,-6,-7,-1,-2,-3,1,5,-7,-4,0,3,6,0,3,-2,-3,-9,-8,0,0,0,0
Action_6,EMG6R,12,3,1,-3,-4,8,0,14,-3,1,4,-35,9,-3,6,4,15,-30,-10,11,-7,0,0,2,11,4,-3,4,2,6,3,-10,-9,-10,-6,-3,-7,26,4,9,10,-11,3,-15,0,0,0,0
Action_6,EMG7R,4,-17,2,62,-16,5,68,72,-11,-95,-36,14,26,-4,19,2,4,3,-2,7,-3,4,0,-1,1,-1,-2,-6,-4,-2,3,-1,-1,-4,-2,-2,-1,5,2,-4,-3,0,0,0,0,0,0,0
Action_6,GLX,1.3125,-5.8125,-2.5625,1.875,2.625,6.375,0.125,21.125,-27.6875,0.6875,-1.8125,-3.5,-4.375,-11.8125,-10.1875,-58.1875,-14.9375,-2.3125,-111.9375,218.875,-142.4375,-22,16.25,25.8125,0.8125,-11.375,1.25,-3.375,3.625,3.125,-1,4.75,0.625,0.625,-1.4375,0.375,1.9375,2.5625,1.9375,-3.3125,-1.375,2.375,3.6875,6.5,0,0,0,0
Action_6,GLY,1.3125,-5.8125,-2.5625,1.875,2.625,6.375,0.125,21.125,-27.6875,0.6875,-1.8125,-3.5,-4.375,-11.8125,-10.1875,-58.1875,-14.9375,-2.3125,-111.9375,218.875,-142.4375,-22,16.25,25.8125,0.8125,-11.375,1.25,-3.375,3.625,3.125,-1,4.75,0.625,0.625,-1.4375,0.375,1.9375,2.5625,1.9375,-3.3125,-1.375,2.375,3.6875,6.5,0,0,0,0
Action_6,GLZ,1.3125,-5.8125,-2.5625,1.875,2.625,6.375,0.125,21.125,-27.6875,0.6875,-1.8125,-3.5,-4.375,-11.8125,-10.1875,-58.1875,-14.9375,-2.3125,-111.9375,218.875,-142.4375,-22,16.25,25.8125,0.8125,-11.375,1.25,-3.375,3.625,3.125,-1,4.75,0.625,0.625,-1.4375,0.375,1.9375,2.5625,1.9375,-3.3125,-1.375,2.375,3.6875,6.5,0,0,0,0
Action_6,GRX,9.125,0.625,-3.8125,0.9375,-1.25,-0.8125,-8.6875,-0.5,-57.4375,-62.125,-4.3125,7.5,5.125,7.9375,28.5,16.8125,21.4375,36.4375,232.375,-202,66.3125,63.6875,-49.3125,-62.125,17.8125,16.1875,-12.25,-3.0625,9.75,2.875,0.9375,1,-1.375,-1,-2.25,-3.625,-4.1875,-3.9375,-4.75,-4.625,-1.4375,-1.125,1.75,11.375,0,0,0,0
Action_6,GRY,9.125,0.625,-3.8125,0.9375,-1.25,-0.8125,-8.6875,-0.5,-57.4375,-62.125,-4.3125,7.5,5.125,7.9375,28.5,16.8125,21.4375,36.4375,232.375,-202,66.3125,63.6875,-49.3125,-62.125,17.8125,16.1875,-12.25,-3.0625,9.75,2.875,0.9375,1,-1.375,-1,-2.25,-3.625,-4.1875,-3.9375,-4.75,-4.625,-1.4375,-1.125,1.75,11.375,0,0,0,0
Action_6,GRZ,9.125,0.625,-3.8125,0.9375,-1.25,-0.8125,-8.6875,-0.5,-57.4375,-62.125,-4.3125,7.5,5.125,7.9375,28.5,16.8125,21.4375,36.4375,232.375,-202,66.3125,63.6875,-49.3125,-62.125,17.8125,16.1875,-12.25,-3.0625,9.75,2.875,0.9375,1,-1.375,-1,-2.25,-3.625,-4.1875,-3.9375,-4.75,-4.625,-1.4375,-1.125,1.75,11.375,0,0,0,0
Action_6,ORL,3.200276,3.189459,3.19132,3.196771,3.203684,3.209281,3.213912,3.240309,3.234035,3.18383,3.162911,3.15559,3.154753,3.148363,3.140394,3.079886,3.062834,3.084174,2.989115,2.933498,2.896502,2.909616,2.91904,2.909666,2.881835,2.890064,2.892506,2.880632,2.887591,2.893757,2.895295,2.899539,2.901889,2.901502,2.900375,2.900599,2.904492,2.905953,2.911935,2.912397,2.913664,2.916055,2.919328,2.929102,0,0,0,0
Action_6,OPL,4.90998,4.91906,4.926153,4.935855,4.947639,4.959141,4.973219,4.951845,4.704355,4.127654,4.025787,4.031333,4.060393,4.06043,4.006176,3.833081,3.657379,3.465116,3.194317,3.191133,3.188846,3.180228,3.17443,3.177803,3.179437,3.179178,3.178248,3.173856,3.17695,3.176577,3.17575,3.177199,3.177497,3.177547,3.178123,3.178394,3.17856,3.178875,3.178183,3.181323,3.183381,3.186785,3.194473,3.203521,0,0,0,0
Action_6,OYL,9.363319,9.363996,9.362695,9.362864,9.360638,9.355497,9.345051,9.339415,9.380735,9.549596,9.573834,9.578881,9.557744,9.550026,9.540461,9.506123,9.462584,9.431187,9.324114,9.458988,9.36914,9.245195,9.225181,9.290291,9.323351,9.301961,9.29296,9.310785,9.305311,9.304297,9.300262,9.300138,9.30033,9.300445,9.301003,9.30075,9.299222,9.299182,9.300185,9.295416,9.291651,9.289678,9.291611,9.292632,0,0,0,0
Action_6,ORR,6.65539,6.65619,6.652075,6.653694,6.652836,6.654024,6.643712,6.612877,6.589413,6.595354,6.591309,6.594315,6.602693,6.603794,6.607009,6.632671,6.641482,6.662699,6.887098,6.887448,6.784067,6.873416,6.954116,6.8509,6.801148,6.825241,6.84305,6.81657,6.82648,6.844364,6.845709,6.847231,6.848031,6.845475,6.843288,6.837178,6.838635,6.836892,6.832551,6.831444,6.833139,6.838372,6.842398,6.850187,0,0,0,0
Action_6,OPR,4.981982,4.991696,5.000533,5.00671,5.021905,5.028808,5.01194,4.85121,4.321496,4.085387,4.051341,4.067171,4.074092,4.053819,3.991847,3.871029,3.657853,3.461751,3.237494,3.220544,3.173713,3.162579,3.158628,3.170655,3.173502,3.170168,3.169963,3.16773,3.166175,3.164868,3.164412,3.163404,3.162292,3.161325,3.161175,3.162056,3.162919,3.164373,3.166019,3.16953,3.177217,3.186832,3.194101,3.185722,0,0,0,0
Action_6,OYR,9.478275,9.474221,9.466305,9.466679,9.468424,9.480865,9.492347,9.458264,9.417666,9.405052,9.39136,9.387194,9.393263,9.416348,9.444423,9.476101,9.500834,9.516951,9.60356,9.473853,9.59565,9.623973,9.547511,9.540236,9.57527,9.574345,9.556211,9.560796,9.560955,9.552155,9.551732,9.551133,9.55067,9.551036,9.550432,9.551015,9.543346,9.537704,9.533113,9.526133,9.518862,9.511719,9.503035,9.51146,0,0,0,0
Action_7,ALX,0.6914063,0.4672852,0.2670898,0.3271484,0.230957,0.1538086,0.09277344,0.08789063,0.08349609,0.08691406,0.01953125,-0.3681641,0.6108398,0.78125,0.5507813,0.6582031,0.5786133,0.6079102,0.7241211,0.8095703,0.7329102,0.9052734,0.6992188,0.8476563,0.8422852,0.9379883,0.8901367,0.9135742,1.152832,0.6411133,0.7421875,0.8911133,0.3769531,1.100586,0.9047852,0.8920898,0.8989258,0.8964844,0.8979492,0.8959961,0.8999023,0.90625,0.8959961,0.8999023,0,0,0,0
Action_7,ALY,-0.7817383,-0.7709961,-0.6938477,-0.7602539,-0.8032227,-0.8295898,-0.8930664,-0.909668,-0.894043,-0.9150391,-0.9501953,-0.40625,-0.8408203,-1.128418,-0.9814453,-0.7890625,-0.703125,-0.5976563,-0.5185547,-0.5219727,-0.6088867,-0.4155273,-1.546875,-0.5854492,-0.2988281,-0.4111328,-0.4331055,-0.4536133,-0.3979492,-0.4838867,-0.3950195,-0.4257813,-0.5004883,-0.3901367,-0.4238281,-0.4228516,-0.4296875,-0.421875,-0.4130859,-0.425293,-0.4169922,-0.4116211,-0.4125977,-0.4072266,0,0,0,0
Action_7,ALZ,0.409668,0.4433594,0.4013672,0.418457,0.3989258,0.4550781,0.456543,0.4501953,0.449707,0.4414063,0.3842773,0.1171875,0.4511719,0.4711914,0.3466797,0.328125,0.3344727,0.3144531,0.2109375,0.2294922,0.293457,0.2470703,-0.1035156,0.05029297,0.2236328,0.1982422,0.05224609,0.05419922,0.2299805,-0.7714844,-0.1425781,0.1191406,0.09863281,0.01464844,0.1176758,0.1245117,0.1342773,0.1318359,0.1264648,0.1259766,0.1430664,0.1333008,0.1342773,0.1225586,0,0,0,0
Action_7,ARX,0.4101563,0.2197266,0.07568359,0.1972656,0.1455078,0.05761719,-0.001953125,-0.03076172,0.009765625,-0.02246094,-0.2597656,-0.2319336,1.375,0.3911133,0.5864258,0.5117188,0.6035156,0.5932617,0.6274414,0.6845703,0.7910156,0.9780273,0.9135742,0.8857422,0.8149414,0.918457,0.894043,0.8598633,0.9194336,0.878418,0.9047852,0.8828125,0.890625,0.8935547,0.8833008,0.8935547,0.8925781,0.8935547,0.8881836,0.8881836,0.8994141,0.8876953,0.8974609,0.8891602,0,0,0,0
Action_7,ARY,0.6875,0.7475586,0.659668,0.7177734,0.7788086,0.8032227,0.8774414,0.871582,0.871582,0.7685547,0.5810547,0.5107422,0.5883789,0.956543,0.8354492,0.7236328,0.5595703,0.5947266,0.6459961,0.4345703,0.4536133,0.3188477,0.8925781,0.1313477,0.5019531,0.4609375,0.3544922,0.3354492,0.3632813,0.3686523,0.3647461,0.3793945,0.3769531,0.3813477,0.3730469,0.3745117,0.3764648,0.378418,0.3764648,0.378418,0.3764648,0.3745117,0.3823242,0.3818359,0,0,0,0
Action_7,ARZ,0.5512695,0.5,0.4414063,0.4580078,0.5463867,0.5380859,0.5361328,0.5258789,0.5522461,0.5405273,0.3476563,0.3227539,0.5981445,0.5527344,0.4794922,0.4882813,0.4291992,0.4707031,0.3144531,0.315918,0.3535156,0.2524414,-0.21875,0.4165039,0.2714844,-0.06298828,0.1147461,0.2490234,0.1542969,0.1254883,0.1645508,0.1455078,0.1474609,0.1513672,0.1459961,0.1352539,0.1381836,0.140625,0.1318359,0.1289063,0.1362305,0.1303711,0.1494141,0.140625,0,0,0,0
Action_7,EMG0L,9,-34,-45,51,-39,3,16,-33,-2,-9,46,-21,-51,-72,7,46,16,26,-74,37,7,-28,6,19,-9,6,-3,-3,4,-7,-4,-4,4,-5,-3,3,-2,-2,-1,-6,-9,-5,0,1,0,0,0,0
Action_7,EMG1L,-4,-13,-31,29,-12,-21,-22,17,32,10,29,-23,-22,-3,-3,4,25,23,-53,15,22,-6,-1,30,-8,0,-3,-2,1,-2,0,3,-2,0,0,-1,0,1,0,2,-1,5,-1,-2,0,0,0,0
Action_7,EMG2L,0,-17,20,24,1,24,-19,8,-2,11,16,-34,-43,-46,60,-31,-21,35,-11,-4,4,0,-17,-10,3,0,-1,-8,2,0,-2,0,-3,3,-2,2,-2,-2,5,1,-5,0,0,-1,0,0,0,0
Action_7,EMG3L,32,-14,53,-53,-37,35,10,-97,12,-20,-14,-7,-12,-8,-16,-8,5,-17,-24,9,4,-5,-10,-7,3,-1,-2,-2,-1,2,0,0,0,-2,0,-1,-2,-1,0,0,-3,0,-1,-2,0,0,0,0
Action_7,EMG4L,5,-5,11,-10,-2,-4,5,-26,-2,-3,-2,2,-10,13,-6,-39,4,-9,5,3,-6,1,0,0,1,1,-1,-1,-2,0,-1,0,0,-3,-1,0,-2,0,-2,0,1,-1,-1,-1,0,0,0,0
Action_7,EMG5L,9,2,21,-22,23,3,8,-11,-15,3,-2,-10,4,26,-39,-16,-11,-20,-3,-20,-20,3,-6,0,1,1,2,-2,-1,3,-2,-2,-2,-2,-1,0,0,0,-2,2,0,-2,-1,-1,0,0,0,0
Action_7,EMG6L,-3,9,32,-26,40,-1,35,-25,-3,-16,-1,-24,18,-24,25,18,-10,-45,-20,-73,-27,-17,-21,-4,3,2,2,0,6,8,1,-2,-6,2,-2,-1,0,1,-4,3,-2,0,0,0,0,0,0,0
Action_7,EMG7L,-32,-73,-3,13,77,-13,50,-22,-11,-2,65,15,-51,-123,-10,-44,22,2,-13,-3,-13,11,-13,5,4,3,2,0,-1,3,3,-4,1,1,-2,0,-4,2,-2,2,1,-1,-5,-2,0,0,0,0
Action_7,EMG0R,3,-15,0,-14,8,10,23,12,-22,-4,7,14,13,3,28,4,13,-69,-28,-42,26,0,-3,-50,-5,-5,-1,7,-3,4,1,4,-12,3,-5,-2,-2,-2,-2,-4,2,-1,0,-3,0,0,0,0
Action_7,EMG1R,7,-7,0,-17,12,-1,26,23,-39,6,8,-12,-4,4,21,2,11,-44,-7,-4,8,2,0,-20,-5,0,2,0,-3,-2,-2,-2,-4,1,0,-2,-1,-1,-1,-4,-1,1,0,-2,0,0,0,0
Action_7,EMG2R,8,-5,4,-7,-1,-1,5,7,-12,-4,8,-18,9,-14,-15,6,-1,-17,-4,-1,2,-2,-3,-7,-1,1,0,0,-3,-2,-1,-1,-1,-1,-3,0,-1,1,0,-2,1,2,-1,-1,0,0,0,0
Action_7,EMG3R,2,3,17,-20,10,-2,-7,9,0,-7,15,-21,20,-12,3,-15,-7,-21,-11,5,2,1,-4,-3,-4,-5,0,-5,-1,0,2,-2,-3,-1,-4,4,-1,3,2,2,-1,2,0,2,0,0,0,0
Action_7,EMG4R,4,3,6,-15,18,-24,-8,-8,20,-45,-39,-20,-2,-13,33,24,32,-45,-1,4,1,-15,5,-12,-7,-1,0,-12,0,4,-1,0,-9,-2,2,7,-2,6,6,11,-4,1,1,3,0,0,0,0
Action_7,EMG5R,2,6,-1,6,9,-12,3,3,4,-12,-10,-33,1,7,12,1,-18,-10,-24,-3,12,-14,-9,3,5,3,4,-2,-2,-9,-7,-1,1,-3,-27,-6,8,-2,-25,-3,-7,7,-1,2,0,0,0,0
Action_7,EMG6R,0,-14,-34,18,-7,-1,-45,12,-25,5,-9,-2,11,-14,-10,39,-33,4,-15,14,6,-40,-27,4,34,18,7,7,6,-6,2,-5,-13,-6,17,9,8,-5,-3,2,-6,-23,17,7,0,0,0,0
Action_7,EMG7R,-19,70,-62,-27,0,13,-17,9,-26,-15,25,-111,-97,-111,91,22,7,-15,17,7,11,-22,-11,-17,-6,-1,-4,-5,1,0,-2,0,0,-1,-5,-1,-1,3,-4,-2,-1,1,-1,-1,0,0,0,0
Action_7,GLX,-5.9375,-22.625,-12,-9.1875,-5.25,-5.875,4,1.9375,6.8125,8.9375,-2,-0.9375,-9.8125,9.5,3.1875,-4.9375,-1.5,-3.75,-19,-43.125,6.4375,-63.8125,-159.375,85.0625,-60,-52.9375,32.6875,13.6875,-2.8125,-2.625,7.125,2.5,7.75,-2.875,3,5.5625,-1.375,0.1875,3.625,-1.375,-5.25,-3.5625,-4.625,-4.875,0,0,0,0
Action_7,GLY,-5.9375,-22.625,-12,-9.1875,-5.25,-5.875,4,1.9375,6.8125,8.9375,-2,-0.9375,-9.8125,9.5,3.1875,-4.9375,-1.5,-3.75,-19,-43.125,6.4375,-63.8125,-159.375,85.0625,-60,-52.9375,32.6875,13.6875,-2.8125,-2.625,7.125,2.5,7.75,-2.875,3,5.5625,-1.375,0.1875,3.625,-1.375,-5.25,-3.5625,-4.625,-4.875,0,0,0,0
Action_7,GLZ,-5.9375,-22.625,-12,-9.1875,-5.25,-5.875,4,1.9375,6.8125,8.9375,-2,-0.9375,-9.8125,9.5,3.1875,-4.9375,-1.5,-3.75,-19,-43.125,6.4375,-63.8125,-159.375,85.0625,-60,-52.9375,32.6875,13.6875,-2.8125,-2.625,7.125,2.5,7.75,-2.875,3,5.5625,-1.375,0.1875,3.625,-1.375,-5.25,-3.5625,-4.625,-4.875,0,0,0,0
Action_7,GRX,19.1875,23.625,23.3125,16.125,13.25,-0.5625,-5.125,-9.875,-6,-8.3125,-16.8125,-10.5,-55.75,-8.5625,-16.25,11.25,4.25,29.25,55.5625,17.875,42.6875,90.625,-35.75,96.9375,22.375,22.3125,-60.1875,-9.8125,19.125,-4.625,-7.5,-4.1875,-0.5,1.8125,2.5625,3.1875,1.75,-0.375,0.4375,-1.75,-4.875,-5.8125,-4.0625,-0.875,0,0,0,0
Action_7,GRY,19.1875,23.625,23.3125,16.125,13.25,-0.5625,-5.125,-9.875,-6,-8.3125,-16.8125,-10.5,-55.75,-8.5625,-16.25,11.25,4.25,29.25,55.5625,17.875,42.6875,90.625,-35.75,96.9375,22.375,22.3125,-60.1875,-9.8125,19.125,-4.625,-7.5,-4.1875,-0.5,1.8125,2.5625,3.1875,1.75,-0.375,0.4375,-1.75,-4.875,-5.8125,-4.0625,-0.875,0,0,0,0
Action_7,GRZ,19.1875,23.625,23.3125,16.125,13.25,-0.5625,-5.125,-9.875,-6,-8.3125,-16.8125,-10.5,-55.75,-8.5625,-16.25,11.25,4.25,29.25,55.5625,17.875,42.6875,90.625,-35.75,96.9375,22.375,22.3125,-60.1875,-9.8125,19.125,-4.625,-7.5,-4.1875,-0.5,1.8125,2.5625,3.1875,1.75,-0.375,0.4375,-1.75,-4.875,-5.8125,-4.0625,-0.875,0,0,0,0
Action_7,ORL,3.284399,3.265476,3.236477,3.204754,3.193616,3.188088,3.198413,3.209206,3.218643,3.231192,3.229404,3.271938,3.214994,3.222066,3.198823,3.185557,3.187544,3.184216,3.159688,3.076791,3.093102,3.072378,2.867054,2.937399,2.933798,2.896496,2.91505,2.90513,2.921948,2.903365,2.898564,2.913363,2.933873,2.990828,2.994744,3.002442,3.003945,3.003419,3.006429,3.00957,3.011468,3.008511,3.00315,2.99969,0,0,0,0
Action_7,OPL,3.788624,4.218949,4.504466,4.721026,4.786252,4.809127,4.826924,4.848228,4.871629,4.895679,4.908022,4.749651,4.414844,4.048862,3.957227,3.950406,3.972784,3.960122,3.884186,3.703142,3.536426,3.358292,3.195243,3.23586,3.233357,3.217534,3.215773,3.214021,3.216057,3.214765,3.21532,3.218345,3.230289,3.226204,3.224027,3.224342,3.224317,3.224811,3.224422,3.223331,3.223291,3.223507,3.222201,3.222029,0,0,0,0
Action_7,OYL,9.221439,9.194299,9.186775,9.206491,9.219406,9.224403,9.240982,9.245376,9.240909,9.239544,9.219175,9.2425,9.318509,9.400517,9.433774,9.456964,9.447336,9.446249,9.458765,9.389026,9.344349,9.30672,9.258801,9.360819,9.295945,9.231338,9.229219,9.276216,9.270547,9.269492,9.285268,9.270283,9.255768,9.206388,9.207491,9.206749,9.205729,9.205702,9.206104,9.199947,9.191439,9.185417,9.182312,9.179838,0,0,0,0
Action_7,ORR,6.487504,6.542291,6.588863,6.625459,6.644538,6.638871,6.632913,6.618614,6.608258,6.587819,6.570065,6.544372,6.499352,6.497805,6.492496,6.502289,6.508337,6.526055,6.586926,6.582176,6.609075,6.669248,6.913994,6.789107,6.872558,7.033046,6.948437,6.859476,6.896379,6.915695,6.905329,6.906049,6.908892,6.914053,6.925403,6.935499,6.938667,6.944205,6.953923,6.958907,6.955787,6.949603,6.938771,6.938837,0,0,0,0
Action_7,OPR,4.203,4.52402,4.769594,4.885336,4.910049,4.915563,4.93792,4.958935,4.981958,5.010602,4.981786,4.735475,4.322604,4.070143,4.019387,4.024552,4.021865,3.991806,3.886526,3.752769,3.576254,3.380857,3.244693,3.198322,3.199361,3.16984,3.177176,3.185572,3.179303,3.183792,3.181166,3.182595,3.181633,3.181082,3.181371,3.179054,3.178374,3.178923,3.179946,3.18069,3.181498,3.181262,3.180257,3.180017,0,0,0,0
Action_7,OYR,9.550327,9.524921,9.488729,9.4541,9.432474,9.427466,9.423908,9.42124,9.419984,9.415977,9.405374,9.356713,9.315676,9.324197,9.307529,9.306588,9.30637,9.324861,9.371199,9.415742,9.457165,9.540347,9.504317,9.586282,9.674361,9.559771,9.558048,9.586309,9.580888,9.569692,9.561511,9.552181,9.546556,9.540594,9.531115,9.532115,9.532037,9.525592,9.514453,9.50709,9.503152,9.498011,9.50056,9.500858,0,0,0,0
Action_8,ALX,1.023926,0.9433594,0.7402344,0.4472656,0.1181641,0.07080078,0.04296875,-0.03125,-0.03466797,-0.06542969,-0.04052734,-0.008789063,-0.1401367,-0.5249023,1.651855,0.3149414,0.5024414,0.590332,0.621582,0.5332031,0.5209961,0.4667969,0.6655273,0.7543945,0.8300781,1.061035,0.9741211,0.8149414,0.9785156,0.9116211,0.9165039,0.9003906,0.9389648,0.902832,0.9038086,0.9169922,0.90625,0.902832,0.9101563,0.9047852,0.9057617,0.918457,0.9018555,0.9101563,0,0,0,0
Action_8,ALY,-0.6640625,-0.6791992,-0.7919922,-0.7539063,-0.5981445,-0.7978516,-0.8779297,-0.9125977,-0.8544922,-0.9360352,-0.8925781,-0.8886719,-0.5595703,-0.07275391,-1.26709,-1.109375,-0.9111328,-0.7167969,-0.7084961,-0.7373047,-0.7832031,-0.6845703,-0.543457,-0.4946289,-0.5517578,-0.2563477,-0.5600586,-0.1782227,-0.3920898,-0.4204102,-0.4145508,-0.4208984,-0.390625,-0.3945313,-0.4077148,-0.3891602,-0.3930664,-0.4008789,-0.4042969,-0.4008789,-0.4042969,-0.4111328,-0.4135742,-0.3979492,0,0,0,0
Action_8,ALZ,0.1254883,0.3505859,0.4916992,0.4995117,0.4057617,0.4057617,0.4355469,0.4428711,0.4604492,0.4663086,0.4599609,0.5058594,0.3271484,-0.05175781,0.9423828,0.4404297,0.4243164,0.4233398,0.3969727,0.3671875,0.3706055,0.375,0.3251953,0.2861328,0.277832,0.2060547,-0.5947266,0.1181641,0.1586914,-0.06445313,0.07275391,0.1523438,0.04003906,0.09277344,0.1098633,0.04736328,0.105957,0.08154297,0.06884766,0.1054688,0.09765625,0.09228516,0.09472656,0.09814453,0,0,0,0
Action_8,ARX,0.9868164,0.7470703,0.3320313,0.078125,0.06298828,0.03125,-0.03808594,-0.1308594,-0.1303711,-0.09619141,-0.1210938,-0.1240234,-0.5751953,-0.1079102,0.7875977,0.2753906,0.5454102,0.5375977,0.5375977,0.4980469,0.5209961,0.4868164,0.5644531,0.612793,0.9091797,0.8623047,1.107422,0.7612305,0.9506836,0.8901367,0.8549805,0.9511719,0.9077148,0.9111328,0.9057617,0.9047852,0.90625,0.9033203,0.9018555,0.8950195,0.902832,0.8979492,0.9033203,0.9003906,0,0,0,0
Action_8,ARY,0.5737305,0.7895508,0.6391602,0.6479492,0.6572266,0.7539063,0.8642578,0.8110352,0.8837891,0.8740234,0.8344727,0.7539063,0.1259766,1.012207,1.419922,0.8720703,0.7216797,0.6020508,0.675293,0.7241211,0.7016602,0.6181641,0.5087891,0.4887695,0.2851563,0.9301758,-0.3876953,0.7036133,0.4238281,0.2973633,0.3842773,0.3129883,0.3393555,0.3398438,0.3481445,0.34375,0.3496094,0.3496094,0.3564453,0.3618164,0.3686523,0.3623047,0.3574219,0.3554688,0,0,0,0
Action_8,ARZ,0.484375,0.5859375,0.5625,0.4804688,0.4960938,0.496582,0.53125,0.5102539,0.5947266,0.5708008,0.5776367,0.5356445,0.06640625,0.581543,0.8637695,0.4384766,0.4755859,0.5361328,0.4926758,0.4731445,0.4853516,0.4897461,0.4033203,0.465332,0.4487305,-0.4814453,0.4428711,0.2871094,-0.2436523,0.1035156,0.2236328,0.08447266,0.05273438,0.1542969,0.08251953,0.09960938,0.1181641,0.09423828,0.1181641,0.1118164,0.1123047,0.1123047,0.1240234,0.1240234,0,0,0,0
Action_8,EMG0L,-8,6,6,4,1,-10,79,-9,99,-49,-18,60,34,-27,-58,29,11,0,9,19,2,14,18,41,-51,11,9,-14,66,5,-9,17,4,-1,-8,-6,-2,-5,-4,-23,7,-3,-1,-2,0,0,0,0
Action_8,EMG1L,4,-3,2,5,15,-73,15,19,27,-16,-8,10,8,-30,52,21,-15,-16,-10,-2,14,-14,22,12,13,4,2,1,21,-15,0,-22,-2,-12,-1,-6,-2,6,1,-7,-13,0,1,-1,0,0,0,0
Action_8,EMG2L,8,-12,-1,11,-23,-3,10,1,8,12,-24,13,-3,18,125,-42,-3,-2,9,-52,9,-16,-7,-1,-9,-1,0,4,-4,-3,-2,-3,0,-1,1,-2,-2,1,-4,-1,-2,-2,0,-1,0,0,0,0
Action_8,EMG3L,36,-24,0,-21,16,2,-7,-15,67,-26,-7,-28,13,36,42,16,12,-43,-23,-47,-49,-30,6,-22,-4,-5,-2,9,-4,-5,0,-5,2,-1,-1,0,-1,20,-2,0,-2,-1,-1,1,0,0,0,0
Action_8,EMG4L,22,-11,-3,0,5,-1,-10,-3,25,-13,8,-11,3,-30,15,-22,11,-29,-30,-26,-2,5,-1,-17,-8,1,1,-1,1,-3,0,-2,-1,0,-2,0,-3,-4,1,0,-2,1,-1,0,0,0,0,0
Action_8,EMG5L,29,-18,1,0,1,-9,-11,6,10,-1,-5,-13,34,-46,46,27,-37,15,-61,-2,-10,7,11,-35,-18,4,0,12,-3,-2,2,-1,0,1,-4,2,-3,-4,0,-3,-2,-1,1,0,0,0,0,0
Action_8,EMG6L,28,-11,14,3,19,-10,-5,-25,14,18,36,-44,68,25,25,76,-51,24,-8,-8,-10,-6,14,-41,-40,-13,-7,36,-6,2,2,-1,-3,0,-4,1,-5,0,-2,0,2,-4,-1,0,0,0,0,0
Action_8,EMG7L,26,16,-9,-4,-18,-89,19,-69,-52,42,6,16,112,-84,12,-39,77,18,21,-14,-10,2,2,18,-5,-1,-4,12,-5,5,-1,0,-2,1,-8,1,-4,2,-1,0,-1,-1,0,0,0,0,0,0
Action_8,EMG0R,-14,-1,-1,10,-6,-2,10,-12,13,-16,-10,-26,-35,-37,34,26,-7,6,14,-2,-6,51,-16,55,33,-2,18,15,3,-11,-25,-1,15,16,3,7,11,-22,1,-15,-1,7,-4,-16,0,0,0,0
Action_8,EMG1R,-12,-2,5,-11,-7,-3,7,-7,-7,-1,-20,-1,-27,15,29,12,3,14,6,-4,-5,23,-4,17,16,0,7,6,4,-3,-6,1,4,2,0,1,1,-4,-1,-2,-3,3,-1,-9,0,0,0,0
Action_8,EMG2R,16,14,-6,-9,11,-3,-5,-3,6,1,-16,-19,-22,46,-4,-17,3,-4,-26,-2,-6,4,-2,0,4,-1,-2,-2,1,0,-5,0,2,-1,1,-1,-1,-2,-2,1,-2,1,0,-4,0,0,0,0
Action_8,EMG3R,7,2,-2,-12,2,-2,-10,1,-1,-5,-2,-37,7,-128,-60,17,-15,0,-25,8,4,10,-30,-1,0,-6,-3,1,-2,0,-4,-2,0,-1,0,1,-3,0,-2,-3,0,1,1,-2,0,0,0,0
Action_8,EMG4R,1,-4,-4,-18,-3,-13,-5,3,-26,-24,-24,-2,-64,88,36,37,-120,29,-30,15,-2,6,19,5,-9,-2,-2,11,-4,-2,-6,0,0,1,0,6,5,7,-4,3,9,-2,8,-2,0,0,0,0
Action_8,EMG5R,-3,-4,-12,-23,-1,8,3,6,-6,-23,-26,-22,-5,24,30,-41,-30,10,-29,-14,6,2,26,-16,-36,9,-3,3,-12,-4,0,9,3,-10,-2,5,-6,-1,-5,-7,1,-16,5,0,0,0,0,0
Action_8,EMG6R,-2,-7,3,-21,-20,1,9,22,41,21,-57,-50,13,54,-5,7,-4,16,-19,-20,19,8,-4,-6,-69,-4,-16,10,-22,-6,-16,1,-8,-15,-20,-23,6,17,0,-9,-5,-20,-11,-5,0,0,0,0
Action_8,EMG7R,-3,-2,3,-17,-53,27,45,6,9,-7,-44,-53,70,89,-2,81,0,11,-22,-66,5,13,1,10,-11,1,-9,-2,1,-2,-8,0,3,0,-2,-5,-3,3,2,-5,-1,2,-2,-6,0,0,0,0
Action_8,GLX,39.25,39.5,-37.5,19.0625,4.0625,-12.6875,-5.4375,-3.75,3.5,7.5625,5.4375,10.3125,10.25,-2.375,13.0625,-0.0625,-2.25,-10.25,3.375,-6,6.8125,4.25,12.375,-32.4375,-59.875,-112.0625,212.8125,-82.1875,-29.75,4.9375,36.1875,-11.25,-18.5,6.625,-5.375,-0.9375,2.3125,1.5,3.0625,0.5,-2.4375,0.0625,-1.6875,-2.4375,0,0,0,0
Action_8,GLY,39.25,39.5,-37.5,19.0625,4.0625,-12.6875,-5.4375,-3.75,3.5,7.5625,5.4375,10.3125,10.25,-2.375,13.0625,-0.0625,-2.25,-10.25,3.375,-6,6.8125,4.25,12.375,-32.4375,-59.875,-112.0625,212.8125,-82.1875,-29.75,4.9375,36.1875,-11.25,-18.5,6.625,-5.375,-0.9375,2.3125,1.5,3.0625,0.5,-2.4375,0.0625,-1.6875,-2.4375,0,0,0,0
Action_8,GLZ,39.25,39.5,-37.5,19.0625,4.0625,-12.6875,-5.4375,-3.75,3.5,7.5625,5.4375,10.3125,10.25,-2.375,13.0625,-0.0625,-2.25,-10.25,3.375,-6,6.8125,4.25,12.375,-32.4375,-59.875,-112.0625,212.8125,-82.1875,-29.75,4.9375,36.1875,-11.25,-18.5,6.625,-5.375,-0.9375,2.3125,1.5,3.0625,0.5,-2.4375,0.0625,-1.6875,-2.4375,0,0,0,0
Action_8,GRX,-46.6875,8,-12.75,7.4375,7.5625,13.125,2.6875,-5.4375,-2.3125,6.5,3.4375,-0.5,-25.625,29.6875,2.375,-13.25,1.4375,11.25,5.1875,-9.5625,-0.875,8.6875,13.5,23.3125,37.5,173,16,78.5625,12.6875,-71.5,16.5,25,-15.8125,-3.375,2.1875,-11.1875,-2.4375,-3,-4.75,-2.6875,-3.1875,-3.4375,-2.3125,-0.8125,0,0,0,0
Action_8,GRY,-46.6875,8,-12.75,7.4375,7.5625,13.125,2.6875,-5.4375,-2.3125,6.5,3.4375,-0.5,-25.625,29.6875,2.375,-13.25,1.4375,11.25,5.1875,-9.5625,-0.875,8.6875,13.5,23.3125,37.5,173,16,78.5625,12.6875,-71.5,16.5,25,-15.8125,-3.375,2.1875,-11.1875,-2.4375,-3,-4.75,-2.6875,-3.1875,-3.4375,-2.3125,-0.8125,0,0,0,0
Action_8,GRZ,-46.6875,8,-12.75,7.4375,7.5625,13.125,2.6875,-5.4375,-2.3125,6.5,3.4375,-0.5,-25.625,29.6875,2.375,-13.25,1.4375,11.25,5.1875,-9.5625,-0.875,8.6875,13.5,23.3125,37.5,173,16,78.5625,12.6875,-71.5,16.5,25,-15.8125,-3.375,2.1875,-11.1875,-2.4375,-3,-4.75,-2.6875,-3.1875,-3.4375,-2.3125,-0.8125,0,0,0,0
Action_8,ORL,3.09248,3.226829,3.221257,3.215439,3.246665,3.224098,3.223421,3.222888,3.236197,3.251236,3.263832,3.274841,3.2997,3.308336,3.215504,3.201777,3.200242,3.195616,3.211919,3.215696,3.223782,3.236741,3.239611,3.209633,3.142022,3.013076,2.727312,2.836335,2.819266,2.780013,2.810908,2.831214,2.800749,2.806511,2.815046,2.805155,2.816315,2.822062,2.823911,2.84046,2.849412,2.85528,2.859295,2.870599,0,0,0,0
Action_8,OPL,3.329485,3.570342,3.924935,4.324566,4.773176,4.972707,5.054892,5.060755,5.062946,5.076409,5.091486,5.108205,5.102543,4.822591,4.342915,4.173595,4.17744,4.192053,4.191789,4.180315,4.172136,4.136792,4.029583,3.837199,3.583496,3.230245,3.211629,3.201233,3.17812,3.179775,3.185616,3.186188,3.182782,3.180085,3.178236,3.17512,3.174055,3.173265,3.173163,3.180192,3.184949,3.191494,3.195529,3.201254,0,0,0,0
Action_8,OYL,9.120714,9.052211,9.025213,9.027722,9.046615,9.074601,9.097121,9.103339,9.103229,9.103985,9.101557,9.091066,9.070147,9.123878,9.25323,9.267777,9.259298,9.240685,9.219498,9.208458,9.200055,9.183326,9.200116,9.19344,9.1935,9.162077,9.405375,9.299818,9.206953,9.261589,9.28477,9.254376,9.264516,9.272717,9.252868,9.264587,9.258623,9.254473,9.255586,9.235967,9.224699,9.216268,9.209915,9.196752,0,0,0,0
Action_8,ORR,6.499031,6.506307,6.51028,6.529511,6.546678,6.567159,6.582143,6.577818,6.56823,6.571492,6.578778,6.579006,6.540546,6.561481,6.567205,6.535209,6.537677,6.539978,6.533864,6.522974,6.517466,6.517874,6.551761,6.562834,6.608189,7.180102,6.923065,7.026492,7.256167,7.076323,6.985857,7.069086,7.094331,7.022268,7.053443,7.041631,7.027885,7.041098,7.031483,7.025324,7.026384,7.016522,7.005553,6.997977,0,0,0,0
Action_8,OPR,3.503349,3.851029,4.27179,4.772448,4.990425,5.074858,5.106806,5.123922,5.134667,5.160373,5.180395,5.19675,5.061573,4.50273,4.26323,4.220086,4.243343,4.229332,4.209261,4.202362,4.193195,4.153179,3.993083,3.785732,3.504296,3.212756,3.126453,3.126349,3.106223,3.109878,3.112425,3.107052,3.107163,3.109709,3.109489,3.111152,3.115189,3.12173,3.127709,3.134442,3.141325,3.151417,3.156952,3.161212,0,0,0,0
Action_8,OYR,9.602813,9.599097,9.553955,9.488081,9.448096,9.415504,9.409672,9.421824,9.425206,9.427666,9.439604,9.45506,9.457241,9.434333,9.342369,9.330281,9.315116,9.332156,9.353902,9.365088,9.367593,9.377438,9.395426,9.402708,9.405209,9.285373,9.307162,9.470484,9.257533,9.341403,9.40446,9.357746,9.338819,9.37416,9.355657,9.355106,9.358788,9.342705,9.344825,9.345082,9.339725,9.340954,9.34744,9.351803,0,0,0,0
Action_9,ALX,0.902832,0.6674805,0.2114258,0.015625,0.02587891,-0.1542969,-0.3017578,-0.1953125,-0.3378906,-0.265625,-0.2729492,-0.3105469,0.4399414,-0.03417969,0.1738281,0.390625,0.4560547,0.5576172,0.7451172,0.6645508,0.902832,0.6049805,0.8867188,0.7988281,0.9506836,0.956543,0.9130859,0.9086914,0.9194336,0.921875,0.9023438,0.9179688,0.9082031,0.9135742,0.9125977,0.9150391,0.9135742,0.9091797,0.9052734,0.9213867,0.9033203,0.9140625,0.9125977,0.9101563,0,0,0,0
Action_9,ALY,-0.7583008,-0.8642578,-0.7446289,-0.6474609,-0.7480469,-0.8193359,-0.8046875,-0.8666992,-0.8398438,-0.9174805,-0.6635742,0.06591797,-1.61377,-1.270996,-1.007813,-0.7280273,-0.7211914,-0.6650391,-0.5732422,-0.6733398,-0.375,-2.786133,-0.03369141,-0.5581055,-0.4467773,-0.4384766,-0.324707,-0.3930664,-0.3740234,-0.3793945,-0.4057617,-0.3901367,-0.3969727,-0.3974609,-0.3974609,-0.3969727,-0.4082031,-0.3803711,-0.394043,-0.390625,-0.3925781,-0.3935547,-0.3950195,-0.3994141,0,0,0,0
Action_9,ALZ,0.3730469,0.5390625,0.4013672,0.3745117,0.4799805,0.5263672,0.4350586,0.4580078,0.4306641,0.4858398,0.3891602,-0.1826172,0.9731445,0.34375,0.4584961,0.3974609,0.3666992,0.4262695,0.3540039,0.40625,0.4707031,-0.4511719,0.03320313,0.4316406,0.05224609,-0.06884766,0.08007813,0.1557617,0.015625,0.08740234,0.08740234,0.07275391,0.078125,0.08837891,0.08398438,0.0859375,0.08935547,0.08300781,0.09472656,0.08154297,0.08496094,0.08447266,0.08056641,0.08105469,0,0,0,0
Action_9,ARX,0.4750977,0.1420898,-0.04882813,0.06542969,-0.08251953,-0.2568359,-0.315918,-0.3134766,-0.2456055,-0.3198242,-0.6225586,1.756836,-0.2109375,0.3120117,0.5234375,0.4794922,0.4599609,0.5239258,0.4985352,0.7641602,0.7646484,1.09375,0.6796875,0.8701172,0.9619141,0.8696289,0.8950195,0.9194336,0.9179688,0.5732422,0.5776367,0.8925781,0.8969727,0.4750977,0.902832,0.9038086,0.8989258,0.9067383,0.9003906,0.9023438,0.8974609,0.8974609,0.9013672,0.9052734,0,0,0,0
Action_9,ARY,0.9624023,0.7016602,0.684082,0.6176758,0.7509766,0.8432617,0.8598633,0.8383789,0.847168,0.6669922,0.0546875,0.3999023,1.338379,1.052734,0.7084961,0.5893555,0.605957,0.4775391,0.715332,0.4243164,1.067871,-0.1538086,0.796875,0.1845703,0.3901367,0.3276367,0.3515625,0.3452148,0.340332,0.2294922,0.2089844,0.3505859,0.3520508,0.1982422,0.3510742,0.3544922,0.3540039,0.3525391,0.3588867,0.3520508,0.3618164,0.3642578,0.3544922,0.3598633,0,0,0,0
Action_9,ARZ,0.6542969,0.5180664,0.3979492,0.4526367,0.5639648,0.4907227,0.4736328,0.4799805,0.4770508,0.4731445,0.02001953,0.7670898,0.6376953,0.4790039,0.4321289,0.5200195,0.4775391,0.4521484,0.434082,0.5087891,0.1894531,0.2749023,0.2451172,0.2294922,-0.09863281,0.1972656,0.1914063,0.05371094,0.140625,-0.8676758,-0.9428711,0.1206055,0.1308594,0.06591797,0.1162109,0.1240234,0.1254883,0.1313477,0.1225586,0.1162109,0.1196289,0.1254883,0.1274414,0.1264648,0,0,0,0
Action_9,EMG0L,-20,27,7,3,59,-23,9,23,11,-67,60,62,-24,-15,-15,52,8,-51,-6,-9,0,5,-18,-3,-4,-7,-9,-2,-1,-8,2,4,3,-22,-6,-3,1,3,-10,0,3,-5,20,-13,0,0,0,0
Action_9,EMG1L,-9,6,8,39,31,-11,24,-4,-28,-24,5,38,-23,-59,35,-20,25,-19,-2,-1,1,-3,-8,4,0,11,-3,-1,-1,6,-10,6,-1,-9,1,1,-5,1,-5,-3,22,5,-13,-1,0,0,0,0
Action_9,EMG2L,-1,3,6,-5,-11,54,5,-10,2,32,-2,74,-30,88,6,-103,25,-45,9,-4,-7,8,-9,0,-1,0,-1,-2,-3,-3,-5,-5,2,-5,0,-1,-2,-2,-3,1,-2,-7,0,-2,0,0,0,0
Action_9,EMG3L,-2,-29,-21,-27,-15,83,-20,-13,-2,8,-19,73,17,-111,-48,46,-26,20,8,-3,-7,14,8,3,2,-1,-2,0,-4,-5,-1,-4,-2,-3,-1,-2,-1,1,-3,0,-1,-2,-2,0,0,0,0,0
Action_9,EMG4L,13,7,5,-20,-1,36,-3,4,-19,8,-40,32,8,52,38,13,-14,0,-13,17,-1,-2,-2,1,-2,0,-2,2,-1,-1,-1,-2,-1,1,-1,0,-2,-3,-3,-1,-1,-1,0,-1,0,0,0,0
Action_9,EMG5L,9,1,-1,10,7,3,16,-21,-27,-14,-47,-45,63,72,-7,19,-17,10,-40,14,-2,16,-9,-6,3,3,-2,0,-1,0,0,2,0,-2,-1,-1,-1,-2,-2,0,-3,-2,-1,0,0,0,0,0
Action_9,EMG6L,5,-17,-14,-4,-16,-29,63,6,-38,10,-10,71,-45,114,2,-7,-31,-26,-108,10,-34,63,-30,-16,7,4,-2,-2,-1,4,-1,-2,-2,1,-1,-1,1,0,-1,1,-3,-3,-1,-1,0,0,0,0
Action_9,EMG7L,-18,-52,52,-29,4,-14,20,13,8,22,-79,59,-45,97,-68,16,24,21,3,3,-3,12,-7,-10,4,-2,-4,-1,-1,2,3,-1,3,0,-2,-2,0,-2,0,4,-3,-7,-6,1,0,0,0,0
Action_9,EMG0R,1,1,-22,-43,-1,-11,-3,-10,-31,22,12,70,-57,21,17,-17,16,51,31,6,7,1,-12,-8,-6,5,21,-14,10,-4,1,-24,-18,12,-1,-2,11,-8,-5,-3,-8,5,-8,10,0,0,0,0
Action_9,EMG1R,-4,5,-30,-20,-17,7,6,-4,-12,-5,26,-8,-3,13,-19,3,-19,14,0,5,9,3,-3,-3,-3,-2,1,-4,0,-6,1,-7,-2,3,-1,0,1,-2,-3,1,-1,-1,-2,1,0,0,0,0
Action_9,EMG2R,-31,8,7,3,-17,-4,-9,0,1,-12,11,64,-20,15,9,8,-17,0,-3,3,2,1,-4,-3,0,-1,0,-2,-2,-2,0,-2,-3,-1,-3,0,0,1,-2,0,-2,-1,-2,1,0,0,0,0
Action_9,EMG3R,-4,7,0,-10,-16,-10,-19,0,-1,-7,19,98,-83,57,-22,1,-8,16,-21,3,-6,4,-7,-4,-1,-1,-3,1,-1,-3,-2,0,-4,-2,-1,-2,-1,0,-3,0,-2,1,0,-1,0,0,0,0
Action_9,EMG4R,11,23,96,73,-3,-20,54,-19,8,-48,103,-19,24,-14,10,26,-22,15,0,-3,7,-10,-4,-4,-6,1,6,3,-4,1,0,-6,-3,5,1,0,-3,3,-3,-4,3,-4,-1,5,0,0,0,0
Action_9,EMG5R,-1,2,31,25,6,6,7,-9,7,-15,18,29,-37,7,13,-8,3,-5,14,-1,37,-8,-8,3,-14,-21,6,6,0,-3,-5,2,6,5,-5,-3,-2,5,3,1,1,6,-9,-5,0,0,0,0
Action_9,EMG6R,40,-22,-21,12,30,-84,-43,-70,22,35,-31,18,-72,49,-39,-81,29,-19,-4,11,15,-12,4,-20,2,-12,-7,5,-2,5,-1,15,-8,12,5,-8,-1,1,-4,-3,5,-7,-6,-32,0,0,0,0
Action_9,EMG7R,18,3,31,13,1,26,-23,-37,-32,14,52,69,-25,71,-17,3,-26,18,3,20,12,11,-22,7,0,-1,-1,-2,5,6,2,3,-8,1,-5,-4,0,1,-6,0,-1,3,-2,0,0,0,0,0
Action_9,GLX,74.1875,12.875,7.0625,-22,-8.6875,3.125,6.6875,5.625,6.4375,1.875,7.6875,-27.1875,-1.625,25.0625,-1.25,3.4375,3.8125,-16.875,-10.75,-22.1875,-8.625,-380.3125,3.625,-73.1875,9.5625,21.25,15.125,-19.625,-3.875,5.25,-2.4375,1.25,2.625,2.8125,0.875,1.9375,-6.4375,-2.0625,-2.75,-2.1875,0.625,-1.25,1.0625,0.0625,0,0,0,0
Action_9,GLY,74.1875,12.875,7.0625,-22,-8.6875,3.125,6.6875,5.625,6.4375,1.875,7.6875,-27.1875,-1.625,25.0625,-1.25,3.4375,3.8125,-16.875,-10.75,-22.1875,-8.625,-380.3125,3.625,-73.1875,9.5625,21.25,15.125,-19.625,-3.875,5.25,-2.4375,1.25,2.625,2.8125,0.875,1.9375,-6.4375,-2.0625,-2.75,-2.1875,0.625,-1.25,1.0625,0.0625,0,0,0,0
Action_9,GLZ,74.1875,12.875,7.0625,-22,-8.6875,3.125,6.6875,5.625,6.4375,1.875,7.6875,-27.1875,-1.625,25.0625,-1.25,3.4375,3.8125,-16.875,-10.75,-22.1875,-8.625,-380.3125,3.625,-73.1875,9.5625,21.25,15.125,-19.625,-3.875,5.25,-2.4375,1.25,2.625,2.8125,0.875,1.9375,-6.4375,-2.0625,-2.75,-2.1875,0.625,-1.25,1.0625,0.0625,0,0,0,0
Action_9,GRX,-15.75,-3.25,44.6875,31.375,6.5,-9.8125,-5.1875,-4.125,-1.8125,-12.6875,-33.375,59.3125,-40.1875,-4.0625,6.9375,9.625,5.5625,-1.375,19.0625,25.1875,267.625,-88.375,117.9375,26.875,-4.5625,-43.8125,11.4375,21.625,-23.1875,6.875,10.625,-0.875,2.4375,7.9375,-1.625,-4.125,-3.1875,0.25,-1.8125,1.6875,-0.125,-0.3125,1.6875,1.5,0,0,0,0
Action_9,GRY,-15.75,-3.25,44.6875,31.375,6.5,-9.8125,-5.1875,-4.125,-1.8125,-12.6875,-33.375,59.3125,-40.1875,-4.0625,6.9375,9.625,5.5625,-1.375,19.0625,25.1875,267.625,-88.375,117.9375,26.875,-4.5625,-43.8125,11.4375,21.625,-23.1875,6.875,10.625,-0.875,2.4375,7.9375,-1.625,-4.125,-3.1875,0.25,-1.8125,1.6875,-0.125,-0.3125,1.6875,1.5,0,0,0,0
Action_9,GRZ,-15.75,-3.25,44.6875,31.375,6.5,-9.8125,-5.1875,-4.125,-1.8125,-12.6875,-33.375,59.3125,-40.1875,-4.0625,6.9375,9.625,5.5625,-1.375,19.0625,25.1875,267.625,-88.375,117.9375,26.875,-4.5625,-43.8125,11.4375,21.625,-23.1875,6.875,10.625,-0.875,2.4375,7.9375,-1.625,-4.125,-3.1875,0.25,-1.8125,1.6875,-0.125,-0.3125,1.6875,1.5,0,0,0,0
Action_9,ORL,3.264345,3.325667,3.297862,3.270005,3.237941,3.24278,3.257738,3.270359,3.274741,3.268936,3.26952,3.278737,3.155453,3.173807,3.17975,3.197445,3.211303,3.215229,3.204661,3.158073,3.123294,2.748846,2.888812,2.775209,2.850788,2.760026,2.813184,2.826287,2.806069,2.812845,2.81782,2.81915,2.821111,2.828193,2.832615,2.836969,2.831081,2.831824,2.830234,2.831424,2.831754,2.830936,2.831327,2.831327,0,0,0,0
Action_9,OPL,3.56751,3.977066,4.806349,5.181165,5.357347,5.386223,5.418116,5.426147,5.448017,5.467381,5.489519,5.205907,4.583439,4.45908,4.472662,4.494303,4.463337,4.345141,4.071074,3.778746,3.449061,3.177324,3.143044,3.158186,3.135803,3.141369,3.15182,3.147663,3.149774,3.153218,3.155465,3.15556,3.156123,3.15922,3.160075,3.161475,3.160851,3.159749,3.159919,3.16103,3.161756,3.161637,3.162369,3.162369,0,0,0,0
Action_9,OYL,8.941941,8.947862,9.021848,9.024271,8.992482,8.980082,8.979477,8.976116,8.962431,8.950885,8.930942,8.970023,9.100623,9.124743,9.099312,9.058741,9.053533,9.037539,9.059045,9.080935,9.133024,9.218498,9.238714,9.11289,9.059352,9.147447,9.15713,9.127299,9.136623,9.142761,9.129091,9.129427,9.128768,9.125188,9.122677,9.121325,9.118867,9.11305,9.11044,9.106449,9.103213,9.102575,9.103691,9.103691,0,0,0,0
Action_9,ORR,6.501999,6.514041,6.579079,6.67043,6.684264,6.669111,6.653931,6.647564,6.645912,6.62437,6.576537,6.626897,6.566161,6.567316,6.585742,6.585939,6.569279,6.559723,6.584049,6.573143,6.826807,6.940382,6.892076,6.864662,7.073519,6.910762,6.88344,6.945123,6.920547,6.909737,7.333823,7.291717,7.271732,7.222408,7.209248,7.184426,7.159562,7.138545,7.126215,7.110919,7.106855,7.104492,7.099081,7.088021,0,0,0,0
Action_9,OPR,4.081282,4.609377,5.083073,5.375949,5.364553,5.358402,5.368407,5.398787,5.414188,5.41438,5.298237,4.657825,4.303488,4.299697,4.335738,4.336387,4.293137,4.185401,3.993404,3.619498,3.305227,3.138873,3.127072,3.136339,3.109778,3.126839,3.128721,3.12396,3.127121,3.121637,3.090261,3.087189,3.091186,3.0892,3.090596,3.094352,3.098056,3.102832,3.105681,3.110125,3.111668,3.111813,3.112344,3.114354,0,0,0,0
Action_9,OYR,9.595521,9.503077,9.439742,9.454835,9.471884,9.470242,9.469543,9.467538,9.462168,9.467305,9.434422,9.338586,9.344196,9.32978,9.32405,9.34458,9.384044,9.420675,9.437569,9.458696,9.464521,9.174017,9.425223,9.470009,9.31758,9.37819,9.400487,9.37751,9.374225,9.37106,8.999507,9.036753,9.055363,9.105367,9.117521,9.134504,9.153131,9.168494,9.178533,9.191158,9.195293,9.19768,9.203871,9.217535,0,0,0,0
Action_10,ALX,0.8759766,1,0.9345703,0.8237305,0.5664063,0.3632813,0.1435547,0.1538086,0.01757813,-0.2285156,-0.1679688,-0.1826172,-0.1401367,-0.2026367,-0.4042969,1.859863,0.3613281,0.2231445,0.34375,0.4189453,0.5004883,0.6279297,0.7851563,1.036621,0.472168,0.8525391,0.8256836,0.9248047,0.9155273,0.9360352,0.8930664,0.9287109,0.9013672,0.9633789,0.9433594,1.501953,0.9130859,1.42627,0.9135742,0.9052734,0.8979492,0.9013672,0.9047852,0.9033203,0,0,0,0
Action_10,ALY,-0.4213867,-0.4912109,-0.5957031,-0.8535156,-0.8735352,-0.9331055,-0.6860352,-0.7250977,-0.8081055,-0.840332,-0.8798828,-0.9116211,-0.9130859,-0.7226563,-0.1552734,-0.8867188,-1.395996,-0.9951172,-0.8076172,-0.6723633,-0.6162109,-0.6166992,-0.4838867,-0.4082031,-2.895508,-0.5527344,-0.6923828,-0.3862305,-0.4604492,-0.3320313,-0.421875,-0.3974609,-0.4228516,-0.4384766,-0.3569336,-0.2983398,-0.4179688,-0.3222656,-0.4111328,-0.418457,-0.4345703,-0.4125977,-0.4238281,-0.4140625,0,0,0,0
Action_10,ALZ,0.08154297,0.1259766,0.1733398,0.4638672,0.550293,0.4907227,0.331543,0.3818359,0.480957,0.4838867,0.3994141,0.4238281,0.4829102,0.3891602,-0.04589844,0.6713867,0.7182617,0.4526367,0.4697266,0.3203125,0.315918,0.315918,0.2431641,0.1826172,-0.3613281,-0.112793,0.3618164,0.1689453,-0.09521484,0.06933594,0.1513672,0.03808594,0.05029297,0.4916992,-0.3691406,0.6186523,0.08496094,-0.1464844,0.04003906,0.0859375,0.0859375,0.08691406,0.08789063,0.08789063,0,0,0,0
Action_10,ARX,0.956543,1.029297,0.9736328,0.6235352,0.3408203,0.09228516,0.1474609,0.1157227,-0.1450195,-0.1860352,-0.2265625,-0.1943359,-0.1831055,-0.2749023,-0.7587891,1.835938,0.2260742,0.3833008,0.4628906,0.5019531,0.5126953,0.659668,0.6689453,1.082031,0.6054688,0.737793,0.8901367,0.9077148,0.9248047,0.8642578,0.9082031,0.8837891,0.8920898,0.9057617,0.7260742,0.5351563,1.101074,0.8901367,0.6772461,0.8881836,0.8945313,0.8881836,0.8930664,0.8881836,0,0,0,0
Action_10,ARY,0.3911133,0.512207,0.5375977,0.8964844,0.7583008,0.7446289,0.6386719,0.6894531,0.7773438,0.8862305,0.8535156,0.8647461,0.7866211,0.5673828,0.5205078,1.155273,1.084961,0.8442383,0.5771484,0.5795898,0.5527344,0.6518555,0.5693359,0.3540039,1.435547,0.2568359,0.3833008,0.4321289,0.3447266,0.4501953,0.3554688,0.3818359,0.3740234,0.3837891,0.3271484,0.2407227,0.3745117,0.375,0.2646484,0.3798828,0.3745117,0.3813477,0.3886719,0.3793945,0,0,0,0
Action_10,ARZ,0.1103516,0.2290039,0.5419922,0.5722656,0.5429688,0.4599609,0.4506836,0.5375977,0.5219727,0.519043,0.5078125,0.4633789,0.4648438,0.4306641,0.1313477,1.00293,0.5654297,0.5698242,0.4916992,0.4555664,0.3422852,0.3330078,0.3774414,0.2724609,-0.6982422,0.2578125,0.3691406,-0.1323242,0.08154297,0.1699219,0.1196289,0.09130859,0.1650391,0.1386719,-0.7680664,-0.8925781,0.05273438,0.1157227,0.4282227,0.1289063,0.121582,0.1269531,0.1206055,0.1235352,0,0,0,0
Action_10,EMG0L,5,38,-3,-26,-25,-42,9,-43,83,-4,-2,-19,52,27,-30,8,-41,-31,6,8,-56,4,24,27,-28,-4,8,19,-16,3,-5,-3,-2,5,-12,4,-8,-5,0,-6,-1,-1,-3,-6,0,0,0,0
Action_10,EMG1L,-5,-6,3,-26,40,-19,-5,-20,16,-15,8,-4,8,22,-28,25,25,-39,-5,8,6,13,19,33,-9,-1,-2,-15,2,-3,-4,0,1,-7,-1,-4,-2,-3,2,-1,-3,-1,-4,3,0,0,0,0
Action_10,EMG2L,-4,-7,-13,-5,48,0,21,63,-1,-11,-18,-1,-17,25,-93,52,93,-5,61,-14,-24,-14,-2,-10,-1,-20,-5,-4,1,-1,2,-5,-2,-2,-2,-2,-4,0,-5,-1,-5,0,-1,-4,0,0,0,0
Action_10,EMG3L,-2,-7,-38,6,-11,67,54,28,14,69,70,2,-28,-20,-26,86,121,-14,-69,4,34,-11,15,-8,-4,6,7,-2,1,-1,2,-1,-2,2,-1,-2,1,-3,-2,0,-2,-3,-1,-2,0,0,0,0
Action_10,EMG4L,-1,-3,-22,5,-12,27,32,41,0,11,19,11,0,-12,-68,-38,29,35,-30,1,28,21,1,-2,4,-2,1,0,-2,-1,0,-1,-5,-1,-2,-1,-1,-1,-2,-1,-1,-4,-1,-1,0,0,0,0
Action_10,EMG5L,-6,-7,-14,-1,-21,27,-29,78,10,-22,-18,-6,7,16,-76,6,-67,-5,-4,-16,84,56,6,10,1,-6,4,-2,0,-3,-2,0,-5,-5,-3,0,0,1,0,-1,1,-5,0,3,0,0,0,0
Action_10,EMG6L,-6,-6,-7,1,-16,41,-95,103,6,-37,-9,-45,-21,-23,-11,18,-44,-3,27,-4,77,118,22,6,-24,-17,10,-2,2,-3,0,-2,0,-7,-6,4,-1,6,-2,0,-1,-4,0,0,0,0,0,0
Action_10,EMG7L,6,7,8,-10,-16,116,-26,-29,-46,-18,51,-56,17,7,16,-51,-34,65,-8,37,17,21,28,23,-3,-8,9,4,-1,-6,-5,-2,-6,-1,-3,2,3,-2,-4,-1,-3,-5,5,-1,0,0,0,0
Action_10,EMG0R,16,-13,-13,2,11,-11,3,-33,15,15,19,-7,49,-61,27,-30,-25,17,-18,34,17,-1,22,18,-6,5,-34,-7,11,-2,-3,-4,-3,-1,0,3,-6,-3,8,8,5,1,-4,1,0,0,0,0
Action_10,EMG1R,-1,-2,-13,-7,-1,-9,-2,4,27,0,-24,-15,1,3,28,-57,-6,-12,-14,28,5,-6,10,5,-3,-2,-16,-3,6,-1,-6,-1,1,-2,-1,-2,-1,-2,3,1,-2,-2,-2,1,0,0,0,0
Action_10,EMG2R,-15,4,-13,-64,10,9,-20,-3,2,9,-14,-5,-3,-4,-65,18,4,-5,-5,7,-3,-5,6,1,-2,-1,-5,1,2,-3,-4,-1,-1,0,-1,-2,-1,-2,0,-3,0,-3,-1,-1,0,0,0,0
Action_10,EMG3R,-5,9,-24,2,-17,23,-31,6,-9,-11,-34,1,-5,4,26,-91,-1,-51,6,11,28,-23,13,9,-4,-5,1,-1,-2,0,-1,0,3,1,5,1,-2,-1,-2,-3,-1,-1,-2,-1,0,0,0,0
Action_10,EMG4R,-6,3,-21,14,-60,57,8,-59,-64,-47,-102,16,-53,-33,93,63,-84,-23,29,1,-9,-5,4,-3,1,2,10,-1,-3,1,4,-1,18,0,14,-5,-6,-4,0,-1,-8,2,1,2,0,0,0,0
Action_10,EMG5R,-11,18,-26,3,-9,14,-21,-6,29,-19,-74,0,-28,2,23,-15,-90,-21,13,14,-4,9,-8,20,-1,0,4,-8,3,-3,-2,-15,2,6,-2,-5,1,-8,0,9,7,-7,-2,2,0,0,0,0
Action_10,EMG6R,-15,8,-13,-51,-27,-79,-42,-10,3,24,-63,-110,32,7,-27,13,-27,-43,43,-33,-17,-14,-5,7,-13,5,-11,-20,-1,27,-5,8,-1,-2,-10,-3,-10,-9,0,6,-2,-16,4,-3,0,0,0,0
Action_10,EMG7R,1,-2,6,-15,20,-56,-60,-34,-4,43,-67,-3,11,-8,123,58,-56,-3,6,-19,-29,-6,24,15,-16,-3,7,-12,6,-1,-3,2,0,-13,-3,3,0,-2,3,0,0,-1,2,3,0,0,0,0
Action_10,GLX,5.9375,41.875,94.1875,8.625,11.0625,4.125,-16.5,-19.1875,-29.125,20.125,14.6875,5.75,2.3125,10.6875,4,-17.125,43,-6.4375,-4.625,-8.5625,-32.875,-35.0625,26,-76.25,-341.625,320.8125,-97.6875,13.125,-33.625,13.0625,-7.6875,2.875,4.5,-5.3125,-1.375,4,0.0625,7.125,-3,2.25,-2.625,-1.0625,-1.8125,-2.25,0,0,0,0
Action_10,GLY,5.9375,41.875,94.1875,8.625,11.0625,4.125,-16.5,-19.1875,-29.125,20.125,14.6875,5.75,2.3125,10.6875,4,-17.125,43,-6.4375,-4.625,-8.5625,-32.875,-35.0625,26,-76.25,-341.625,320.8125,-97.6875,13.125,-33.625,13.0625,-7.6875,2.875,4.5,-5.3125,-1.375,4,0.0625,7.125,-3,2.25,-2.625,-1.0625,-1.8125,-2.25,0,0,0,0
Action_10,GLZ,5.9375,41.875,94.1875,8.625,11.0625,4.125,-16.5,-19.1875,-29.125,20.125,14.6875,5.75,2.3125,10.6875,4,-17.125,43,-6.4375,-4.625,-8.5625,-32.875,-35.0625,26,-76.25,-341.625,320.8125,-97.6875,13.125,-33.625,13.0625,-7.6875,2.875,4.5,-5.3125,-1.375,4,0.0625,7.125,-3,2.25,-2.625,-1.0625,-1.8125,-2.25,0,0,0,0
Action_10,GRX,-16.5,-68.25,-39.875,11.1875,-3.6875,29.75,27.8125,13.875,-3.875,0,-3.125,-1.4375,4.625,-23.0625,-3.3125,-66.875,-19.375,0.5,10.25,-2.25,21.4375,70.4375,4.6875,157.875,30.3125,127.75,1.1875,8.625,-61.3125,0.0625,14.625,-8.125,-2.5,10.375,-1,7.4375,1.375,-1.125,-1.625,-2.6875,-2.125,-1.875,-3.3125,0,0,0,0,0
Action_10,GRY,-16.5,-68.25,-39.875,11.1875,-3.6875,29.75,27.8125,13.875,-3.875,0,-3.125,-1.4375,4.625,-23.0625,-3.3125,-66.875,-19.375,0.5,10.25,-2.25,21.4375,70.4375,4.6875,157.875,30.3125,127.75,1.1875,8.625,-61.3125,0.0625,14.625,-8.125,-2.5,10.375,-1,7.4375,1.375,-1.125,-1.625,-2.6875,-2.125,-1.875,-3.3125,0,0,0,0,0
Action_10,GRZ,-16.5,-68.25,-39.875,11.1875,-3.6875,29.75,27.8125,13.875,-3.875,0,-3.125,-1.4375,4.625,-23.0625,-3.3125,-66.875,-19.375,0.5,10.25,-2.25,21.4375,70.4375,4.6875,157.875,30.3125,127.75,1.1875,8.625,-61.3125,0.0625,14.625,-8.125,-2.5,10.375,-1,7.4375,1.375,-1.125,-1.625,-2.6875,-2.125,-1.875,-3.3125,0,0,0,0,0
Action_10,ORL,2.916149,2.929803,3.179353,3.292612,3.306663,3.292418,3.259001,3.232914,3.178504,3.202935,3.226387,3.237795,3.246032,3.270406,3.29302,3.204504,3.234394,3.229662,3.233852,3.237829,3.19116,3.126638,3.091355,2.956196,2.709209,2.758343,2.713113,2.814767,2.770263,2.812379,2.828366,2.835427,2.826745,2.877665,2.819111,2.835039,2.816468,2.797463,2.710773,2.720324,2.722841,2.727055,2.733522,2.739843,0,0,0,0
Action_10,OPL,3.163174,3.185023,3.381321,3.658831,4.09247,4.569282,5.060251,5.196252,5.191537,5.203602,5.240558,5.270647,5.285065,5.289718,5.132201,4.695592,4.442002,4.401508,4.427339,4.404755,4.248591,4.052355,3.721942,3.449121,3.232879,3.193575,3.156456,3.150631,3.158365,3.175789,3.180451,3.184178,3.18897,3.194679,3.184485,3.182203,3.177479,3.168929,3.173703,3.176676,3.17747,3.177864,3.17942,3.180246,0,0,0,0
Action_10,OYL,8.962358,8.98609,8.957663,8.914328,8.905417,8.91209,8.921285,8.911335,8.91429,8.915524,8.912412,8.890882,8.883985,8.87576,8.909293,9.03402,9.110126,9.126928,9.106936,9.088552,9.078553,9.065521,9.109765,9.182509,9.110242,9.17684,9.025949,8.936254,8.980536,9.004382,8.972465,8.973818,8.982942,8.93371,8.98583,8.979572,9.000504,9.026261,9.109529,9.102631,9.097787,9.093153,9.084371,9.075416,0,0,0,0
Action_10,ORR,6.877359,6.680538,6.511955,6.51106,6.525801,6.571982,6.617956,6.661434,6.655254,6.649972,6.643646,6.655184,6.655959,6.614261,6.560627,6.609542,6.569662,6.579281,6.575134,6.565106,6.577921,6.641554,6.651369,6.751809,7.120646,6.834464,6.839383,7.054507,6.963379,6.886982,6.909838,6.933759,6.90834,6.924179,6.944363,7.216756,7.283237,7.264911,7.163716,7.109075,7.101229,7.092916,7.080065,7.072907,0,0,0,0
Action_10,OPR,3.162899,3.256203,3.473249,3.831745,4.419416,4.838952,5.113762,5.211872,5.225569,5.229541,5.245582,5.276003,5.287343,5.23961,4.937348,4.47947,4.3242,4.353659,4.377238,4.35357,4.240145,4.052439,3.816976,3.415222,3.271858,3.186786,3.190945,3.173357,3.18023,3.196352,3.195047,3.19754,3.200285,3.19916,3.184815,3.157837,3.142385,3.14305,3.139107,3.139135,3.141838,3.144174,3.14614,3.147693,0,0,0,0
Action_10,OYR,9.363522,9.458929,9.548233,9.55293,9.468617,9.408555,9.392325,9.40565,9.404637,9.401603,9.408878,9.421467,9.421343,9.408735,9.363498,9.165161,9.192296,9.180972,9.189531,9.216645,9.259349,9.321507,9.363276,9.472684,9.376784,9.405612,9.513279,9.377112,9.3919,9.412271,9.403467,9.384037,9.381858,9.38758,9.368124,9.125474,9.071793,9.091473,9.179192,9.224379,9.22742,9.231621,9.237299,9.241098,0,0,0,0
Action_11,ALX,-0.1430664,-0.215332,-0.02685547,-0.546875,1.145996,0.1098633,0.5170898,0.484375,0.5595703,0.5957031,0.7851563,0.8339844,0.8779297,1.091309,0.3549805,0.909668,0.8579102,0.9082031,0.9223633,0.9067383,0.8959961,0.9072266,0.9140625,0.9003906,0.902832,0.9033203,0.9038086,0.8925781,0.8911133,0.9091797,0.8959961,0.902832,0.9042969,0.9047852,0.8979492,0.8969727,0.8945313,0.8945313,0.9023438,0.9052734,0.9018555,0.8911133,0.9008789,0.8989258,0,0,0,0
Action_11,ALY,-0.9453125,-0.84375,-0.4458008,-0.2207031,-1.112305,-1.293945,-0.949707,-0.7338867,-0.6533203,-0.6884766,-0.5507813,-0.5229492,-0.4868164,-0.4243164,-2.254395,0.07275391,-0.1279297,-0.6401367,-0.3310547,-0.4370117,-0.4272461,-0.3779297,-0.4418945,-0.4047852,-0.4394531,-0.4228516,-0.4375,-0.4121094,-0.4414063,-0.4287109,-0.4287109,-0.4321289,-0.4277344,-0.4311523,-0.4228516,-0.4287109,-0.4355469,-0.4287109,-0.4355469,-0.4355469,-0.4296875,-0.4394531,-0.4321289,-0.4296875,0,0,0,0
Action_11,ALZ,0.3530273,0.3452148,0.2900391,0.09912109,0.6728516,0.4008789,0.2993164,0.3686523,0.2441406,0.3139648,0.2988281,0.3037109,0.1098633,-0.1469727,-0.394043,0.1708984,0.2143555,0.0703125,0.0078125,0.07714844,0.09521484,0.05810547,0.06494141,0.06982422,0.06591797,0.04541016,0.06982422,0.06103516,0.06689453,0.07226563,0.07324219,0.06445313,0.06201172,0.07177734,0.07324219,0.07080078,0.06152344,0.07324219,0.07470703,0.07324219,0.07470703,0.07128906,0.08984375,0.07714844,0,0,0,0
Action_11,ARX,-0.1279297,-0.1293945,-0.5302734,1.45459,0.5834961,0.3979492,0.4223633,0.4619141,0.4819336,0.5986328,0.6123047,0.8120117,0.9296875,1.175293,0.7495117,0.890625,0.8266602,0.9360352,0.9287109,0.8676758,0.8891602,0.9213867,0.8857422,0.902832,0.8896484,0.8964844,0.8974609,0.9038086,0.902832,0.9057617,0.8964844,0.8969727,0.8979492,0.8984375,0.8955078,0.8964844,0.8994141,0.8964844,0.8984375,0.8964844,0.8925781,0.8950195,0.8925781,0.8911133,0,0,0,0
Action_11,ARY,0.8842773,0.746582,0.140625,0.4204102,1.638672,0.9907227,0.6923828,0.6435547,0.6962891,0.6523438,0.4863281,0.3105469,0.472168,0.5366211,2.00293,0.2333984,0.2993164,0.3496094,0.2768555,0.4536133,0.3066406,0.3720703,0.359375,0.3588867,0.3671875,0.3613281,0.3574219,0.3535156,0.3481445,0.362793,0.355957,0.3637695,0.3657227,0.3642578,0.3603516,0.3686523,0.3652344,0.3647461,0.3681641,0.3666992,0.3666992,0.3647461,0.3720703,0.362793,0,0,0,0
Action_11,ARZ,0.4301758,0.434082,0.09521484,0.5493164,0.6967773,0.4243164,0.4379883,0.4155273,0.4311523,0.371582,0.4604492,0.4223633,0.1630859,-0.06787109,-0.7290039,0.2626953,0.2290039,0.01171875,0.1318359,0.2211914,0.1489258,0.1279297,0.1489258,0.1396484,0.152832,0.1289063,0.1445313,0.1337891,0.1411133,0.1376953,0.1298828,0.1333008,0.1328125,0.125,0.1337891,0.1357422,0.1386719,0.1308594,0.1337891,0.1396484,0.1328125,0.1337891,0.137207,0.1376953,0,0,0,0
Action_11,EMG0L,22,-48,22,17,-56,52,10,45,25,45,14,-22,14,39,0,-3,-5,8,-26,3,-6,-1,0,-3,2,5,10,7,-12,0,3,7,6,-1,-6,-10,-4,0,8,22,-5,-3,4,-6,0,0,0,0
Action_11,EMG1L,0,8,3,1,-36,-8,-8,9,-4,-77,-35,9,6,8,13,-1,2,-4,-14,7,2,-1,-2,0,-2,1,2,8,-1,-2,-1,-7,-4,4,12,12,0,0,-3,15,-1,-1,3,1,0,0,0,0
Action_11,EMG2L,27,8,-23,-34,46,29,-9,27,-28,-4,-16,-13,-3,-2,-8,1,-8,-3,-1,-5,-6,0,-1,-2,-1,-9,-2,-1,0,-4,-6,-9,-1,0,2,10,-3,-6,9,-3,-8,-2,-3,2,0,0,0,0
Action_11,EMG3L,-33,31,33,-1,11,-31,-2,8,-4,-31,27,-6,16,-5,-9,-1,-3,-6,0,-7,-1,-1,1,-2,1,-2,-3,-4,0,-3,-2,-4,-2,1,1,8,-3,-4,3,-1,-2,-1,-1,0,0,0,0,0
Action_11,EMG4L,-17,-12,-12,-30,-61,26,25,-10,3,-4,13,-4,-3,-4,-3,-1,-3,-2,1,-3,1,-4,0,0,2,1,-2,-2,-1,-1,0,-1,-4,-1,0,1,-1,-1,2,1,-2,-1,-2,-2,0,0,0,0
Action_11,EMG5L,9,-15,-5,8,-96,11,63,3,-27,27,65,1,-24,3,3,-4,-2,-3,-1,0,-1,-2,-1,0,-1,-2,-3,2,1,2,1,-1,-1,0,0,2,0,1,2,1,-1,0,-2,-2,0,0,0,0
Action_11,EMG6L,25,-52,2,-28,-61,-24,-12,43,-60,65,124,51,-47,13,1,-3,2,-3,-2,-1,0,-1,-5,1,-4,-5,-1,0,4,-1,-2,1,1,1,0,2,2,0,3,1,-2,4,-2,1,0,0,0,0
Action_11,EMG7L,-9,73,-109,-82,-42,-3,-37,-20,31,17,12,-4,-4,-4,-6,-7,2,-2,-3,4,-2,-2,-2,2,-2,-3,2,1,2,1,1,-2,-2,3,-1,-2,-5,3,2,3,1,-2,-2,1,0,0,0,0
Action_11,EMG0R,-6,-37,26,-3,57,2,-21,-33,75,-28,-29,-37,-6,-5,2,5,2,-51,7,16,1,19,-1,4,0,5,4,-5,13,13,-2,16,-4,-13,7,5,3,-27,2,1,2,-40,-43,18,0,0,0,0
Action_11,EMG1R,9,-16,-59,46,-1,-7,-14,7,31,-13,-5,-2,-10,1,6,1,1,-7,1,-1,-5,3,0,0,1,0,3,1,0,1,-4,6,-2,-3,-1,1,-2,-20,2,-2,3,-7,-17,2,0,0,0,0
Action_11,EMG2R,-9,-9,-9,47,16,24,10,10,6,-3,-2,2,-7,-3,0,1,0,0,0,-1,-2,0,-1,0,1,0,-2,-1,1,-1,-2,0,0,-3,-1,0,-2,-5,-1,-2,0,-2,-4,0,0,0,0,0
Action_11,EMG3R,1,-22,7,-128,-53,12,2,-6,4,9,1,1,-3,-5,-2,0,-4,2,-3,0,-2,-2,0,-3,-2,-3,0,2,1,-4,0,-4,2,-2,1,-1,-1,-3,-3,1,0,0,0,1,0,0,0,0
Action_11,EMG4R,67,-29,52,-49,6,-25,9,29,32,5,0,-2,-12,-25,-18,-8,-10,1,-4,0,1,2,-2,-12,3,-6,-1,4,5,-2,-1,-11,-3,0,7,12,-2,-6,-5,11,0,5,6,-3,0,0,0,0
Action_11,EMG5R,-33,35,20,-14,22,19,28,35,-15,40,25,17,30,12,-6,-11,-4,-7,-8,1,-5,-13,6,5,0,-14,-6,2,1,3,-10,-15,4,0,2,-3,7,-22,-4,9,-10,-4,-11,-9,0,0,0,0
Action_11,EMG6R,-41,9,-17,4,9,-36,30,58,11,14,-1,20,5,0,-17,22,-13,-11,8,7,-8,-11,7,-11,9,-16,-6,-1,-5,4,9,-16,2,5,-2,-4,8,7,-7,-10,-24,9,-16,7,0,0,0,0
Action_11,EMG7R,18,8,97,24,98,47,16,30,7,-28,7,-11,-1,4,4,9,1,2,-2,-2,4,2,-9,3,-2,-2,1,-3,-2,4,7,8,-3,-1,4,4,-5,-6,3,2,-1,-6,-11,2,0,0,0,0
Action_11,GLX,3.6875,4,-1.5625,6.375,65.875,5.6875,-3.25,-9,-4.25,-27.1875,-28.5,-13.8125,-126.125,-211.5,-54.9375,94.375,-83.875,-15.875,23.125,-26.375,7.75,-2.8125,4.25,4.9375,5.625,10.4375,4,3.125,2.3125,-1.3125,1.625,-1,1.9375,-0.8125,1.9375,2.6875,0.25,-0.25,-0.0625,0.125,0.3125,-1.1875,0.9375,0.0625,0,0,0,0
Action_11,GLY,3.6875,4,-1.5625,6.375,65.875,5.6875,-3.25,-9,-4.25,-27.1875,-28.5,-13.8125,-126.125,-211.5,-54.9375,94.375,-83.875,-15.875,23.125,-26.375,7.75,-2.8125,4.25,4.9375,5.625,10.4375,4,3.125,2.3125,-1.3125,1.625,-1,1.9375,-0.8125,1.9375,2.6875,0.25,-0.25,-0.0625,0.125,0.3125,-1.1875,0.9375,0.0625,0,0,0,0
Action_11,GLZ,3.6875,4,-1.5625,6.375,65.875,5.6875,-3.25,-9,-4.25,-27.1875,-28.5,-13.8125,-126.125,-211.5,-54.9375,94.375,-83.875,-15.875,23.125,-26.375,7.75,-2.8125,4.25,4.9375,5.625,10.4375,4,3.125,2.3125,-1.3125,1.625,-1,1.9375,-0.8125,1.9375,2.6875,0.25,-0.25,-0.0625,0.125,0.3125,-1.1875,0.9375,0.0625,0,0,0,0
Action_11,GRX,-1.0625,0.4375,-32.875,-32,2.0625,-5.9375,10.5,11.75,0.4375,31.75,13.6875,12.875,131.5625,185.8125,-149.6875,49.4375,52.875,-56.3125,17.0625,1.5,-0.875,-7.4375,4.75,-0.125,-0.1875,2.125,0.25,0.1875,-3.1875,0.6875,-3.0625,-0.5,-0.5,0,-2.3125,-3.125,1.4375,-2,-2.375,-1.4375,-1.1875,-1.625,-0.0625,-0.4375,0,0,0,0
Action_11,GRY,-1.0625,0.4375,-32.875,-32,2.0625,-5.9375,10.5,11.75,0.4375,31.75,13.6875,12.875,131.5625,185.8125,-149.6875,49.4375,52.875,-56.3125,17.0625,1.5,-0.875,-7.4375,4.75,-0.125,-0.1875,2.125,0.25,0.1875,-3.1875,0.6875,-3.0625,-0.5,-0.5,0,-2.3125,-3.125,1.4375,-2,-2.375,-1.4375,-1.1875,-1.625,-0.0625,-0.4375,0,0,0,0
Action_11,GRZ,-1.0625,0.4375,-32.875,-32,2.0625,-5.9375,10.5,11.75,0.4375,31.75,13.6875,12.875,131.5625,185.8125,-149.6875,49.4375,52.875,-56.3125,17.0625,1.5,-0.875,-7.4375,4.75,-0.125,-0.1875,2.125,0.25,0.1875,-3.1875,0.6875,-3.0625,-0.5,-0.5,0,-2.3125,-3.125,1.4375,-2,-2.375,-1.4375,-1.1875,-1.625,-0.0625,-0.4375,0,0,0,0
Action_11,ORL,3.121494,3.122248,3.126099,3.146592,3.103948,3.105991,3.102847,3.100724,3.107788,3.073416,3.035831,3.051507,2.973858,2.817294,2.633561,2.778318,2.806724,2.753506,2.780338,2.759124,2.769609,2.771943,2.75498,2.758725,2.757284,2.761179,2.762978,2.765984,2.761286,2.757994,2.762529,2.76166,2.7627,2.763692,2.766309,2.767234,2.766334,2.766991,2.767019,2.768713,2.76873,2.767298,2.767952,2.772038,0,0,0,0
Action_11,OPL,5.290291,5.31615,5.218145,4.822095,4.29153,4.130574,4.157101,4.179042,4.153055,4.086278,3.975304,3.812644,3.544992,3.319202,3.145536,3.195458,3.159035,3.158652,3.172979,3.174464,3.184248,3.183692,3.188438,3.189675,3.191981,3.194647,3.196211,3.198189,3.199172,3.200152,3.202005,3.202461,3.203062,3.203891,3.205509,3.206142,3.206698,3.207099,3.207236,3.208656,3.209093,3.208843,3.209243,3.20836,0,0,0,0
Action_11,OYL,8.86228,8.84751,8.867599,8.950998,9.155094,9.181957,9.189718,9.163021,9.144189,9.133408,9.11375,9.084787,9.000134,8.842654,8.576265,8.638763,8.543913,8.502088,8.549208,8.542367,8.523852,8.532792,8.542645,8.550325,8.558635,8.573273,8.582415,8.589104,8.594351,8.599425,8.599738,8.599786,8.600893,8.600808,8.600012,8.604291,8.605901,8.60534,8.605282,8.605915,8.605985,8.606244,8.605685,8.603698,0,0,0,0
Action_11,ORR,6.755652,6.755383,6.688158,6.673215,6.638779,6.63932,6.66105,6.674489,6.671482,6.688476,6.683469,6.68915,6.794841,6.974738,7.087321,6.743453,6.687195,6.755593,6.759078,6.782564,6.776742,6.817049,6.818173,6.819723,6.832287,6.843877,6.838422,6.850441,6.851151,6.859655,6.87045,6.87728,6.883623,6.885067,6.886946,6.884423,6.886775,6.887216,6.885848,6.881598,6.883875,6.884788,6.885417,6.885643,0,0,0,0
Action_11,OPR,5.246934,5.263313,5.101111,4.545086,4.273453,4.204651,4.235744,4.233974,4.18832,4.130218,4.011249,3.755645,3.476891,3.227842,3.134871,3.121612,3.123923,3.146155,3.130636,3.141722,3.145828,3.143981,3.143398,3.143482,3.144801,3.142423,3.143952,3.14374,3.14408,3.144299,3.143972,3.143772,3.143578,3.143489,3.144637,3.146924,3.148041,3.148236,3.149074,3.150294,3.150577,3.150737,3.150462,3.149346,0,0,0,0
Action_11,OYR,9.199053,9.220331,9.198999,9.103801,9.071651,9.060454,9.060039,9.06532,9.088649,9.106358,9.135363,9.163042,9.245527,9.393647,9.355129,9.494503,9.647366,9.540975,9.518193,9.526924,9.521426,9.481844,9.484877,9.48343,9.466695,9.458952,9.466793,9.456719,9.453599,9.443543,9.431714,9.423125,9.416806,9.415726,9.410354,9.407694,9.405283,9.404219,9.402434,9.403374,9.400795,9.398088,9.397187,9.396827,0,0,0,0
Action_12,ALX,0.8989258,0.8823242,0.9355469,0.8461914,0.7041016,0.6103516,0.2890625,0.1386719,-0.0703125,-0.2011719,-0.1713867,-0.1713867,-0.1557617,-0.1464844,-0.3745117,1.015625,0.2114258,0.4077148,0.6289063,0.8178711,0.7680664,0.8842773,0.9638672,0.5175781,0.8632813,0.7519531,0.9125977,0.8989258,0.9106445,0.8793945,0.9018555,0.8999023,0.8740234,0.8989258,0.8969727,0.8793945,0.8725586,0.8798828,0.894043,0.8867188,0.8935547,0.8945313,0.8945313,0.8842773,0,0,0,0
Action_12,ALY,-0.4189453,-0.5234375,-0.6337891,-0.8701172,-1.077148,-0.9301758,-0.6523438,-0.5952148,-0.8237305,-0.9208984,-0.9707031,-0.909668,-0.8681641,-0.5908203,-0.06542969,-1.088379,-1.503906,-1.00293,-0.6323242,-0.5283203,-0.5756836,-0.5239258,-0.371582,-1.090332,-0.6635742,-0.1826172,-0.5722656,-0.5351563,-0.4082031,-0.4575195,-0.4013672,-0.4536133,-0.4379883,-0.4345703,-0.434082,-0.4350586,-0.4526367,-0.4467773,-0.4355469,-0.4501953,-0.4345703,-0.4438477,-0.4487305,-0.4418945,0,0,0,0
Action_12,ALZ,0.07666016,0.04882813,-0.06103516,0.2021484,0.387207,0.4326172,0.3525391,0.2880859,0.2895508,0.3310547,0.3217773,0.3676758,0.3686523,0.2475586,-0.3105469,0.4135742,0.3671875,0.2158203,0.2436523,0.1835938,0.1953125,0.2587891,0.2109375,-0.440918,-0.06494141,0.21875,0.112793,0.04394531,0.1181641,0.1347656,0.09570313,0.1552734,0.1391602,0.1123047,0.1157227,0.1655273,0.1611328,0.1381836,0.1333008,0.1347656,0.1357422,0.1303711,0.1352539,0.1347656,0,0,0,0
Action_12,ARX,0.9008789,0.9956055,0.9853516,0.7026367,0.4633789,0.2578125,0.2529297,0.1132813,-0.1049805,-0.2133789,-0.2050781,-0.1967773,-0.09472656,-0.4702148,1.251465,0.8579102,0.3569336,0.621582,0.6430664,0.7612305,0.6948242,0.7685547,1.02832,1.071289,0.7329102,0.9213867,0.9360352,0.8745117,0.8725586,0.8881836,0.8930664,0.878418,0.887207,0.8984375,0.8852539,0.878418,0.8818359,0.8828125,0.8808594,0.8847656,0.8867188,0.8852539,0.8803711,0.887207,0,0,0,0
Action_12,ARY,0.387207,0.5625,0.7006836,0.9389648,0.8935547,0.7719727,0.5292969,0.6298828,0.8168945,0.9335938,0.9819336,0.8608398,0.6835938,0.1000977,0.3500977,1.761719,1.109375,0.6474609,0.4760742,0.3896484,0.5854492,0.4824219,0.5439453,1.26416,0.3076172,0.5927734,0.3618164,0.328125,0.3886719,0.3769531,0.3813477,0.3676758,0.3833008,0.3671875,0.3720703,0.3764648,0.3759766,0.3842773,0.3769531,0.3833008,0.3852539,0.378418,0.3769531,0.3867188,0,0,0,0
Action_12,ARZ,0.1293945,0.04541016,0.3168945,0.5239258,0.5244141,0.4355469,0.3242188,0.4223633,0.4350586,0.3984375,0.4077148,0.387207,0.4042969,0.08007813,0.4506836,0.6982422,0.4658203,0.4003906,0.3901367,0.3574219,0.4033203,0.3505859,0.2602539,-0.1499023,0.2646484,0.02734375,0.06103516,0.2036133,0.2529297,0.1630859,0.1420898,0.2197266,0.1665039,0.1914063,0.1948242,0.1923828,0.1938477,0.1914063,0.1992188,0.1938477,0.1816406,0.1889648,0.1933594,0.1933594,0,0,0,0
Action_12,EMG0L,6,0,35,16,-10,-27,8,-43,-58,35,-37,70,-19,-18,18,7,-10,30,18,-9,21,-38,-70,-10,-9,-7,13,4,-1,-1,7,-8,4,0,-9,-9,-1,-2,3,-8,-6,-6,-8,6,0,0,0,0
Action_12,EMG1L,1,2,11,-15,-6,-14,-50,-28,-32,-12,-13,-26,12,5,13,47,32,12,22,13,34,-18,-25,-1,2,-7,3,1,-2,3,-5,-1,1,-1,-5,-4,-4,2,0,2,5,7,-5,-6,0,0,0,0
Action_12,EMG2L,-1,2,2,-8,13,-26,120,-24,-11,73,60,-45,18,-4,48,58,3,7,16,-19,56,-6,-6,-1,-1,1,1,1,-5,-1,-3,-3,3,-9,1,2,-4,-1,1,-1,-1,-4,0,-1,0,0,0,0
Action_12,EMG3L,-1,-1,-5,-17,4,19,-14,32,-7,26,16,21,-41,14,24,-44,8,-37,2,2,72,-1,-6,-6,1,-1,-3,-3,-1,-2,-1,-2,0,-1,-1,0,-1,0,-2,1,-1,-3,-3,0,0,0,0,0
Action_12,EMG4L,0,-4,-5,-23,-5,22,-45,-5,19,1,10,-2,-18,-14,-34,4,18,-8,-2,21,9,-2,7,3,-3,0,-3,-2,-2,1,-2,-1,-3,1,-1,-2,0,-3,-2,1,-1,0,-2,-2,0,0,0,0
Action_12,EMG5L,-1,-7,-7,2,8,0,-45,-8,-4,2,10,-18,-22,15,0,43,-18,-5,11,38,27,-11,17,7,0,3,-2,1,-2,1,-2,-2,-2,-1,-2,-2,0,-2,0,2,-2,-2,0,1,0,0,0,0
Action_12,EMG6L,1,10,22,-5,-6,-38,-32,28,35,-40,-3,-6,-67,70,-77,57,-80,-14,23,-9,39,-28,19,17,4,3,-9,0,-4,1,-1,-1,-1,-2,6,2,-2,-1,-2,-2,-2,3,-1,0,0,0,0,0
Action_12,EMG7L,0,2,53,-44,-22,8,-59,-128,61,-9,-73,80,39,22,-46,113,-1,7,15,18,1,0,4,3,-1,0,-4,1,-3,-1,1,1,-3,1,-2,-1,0,0,-1,0,-4,2,-2,-4,0,0,0,0
Action_12,EMG0R,9,20,1,-5,0,28,-15,20,30,-38,-2,-6,16,23,38,-48,-23,-45,49,-3,-37,21,-4,8,-3,-13,6,12,-27,-7,-4,0,0,17,13,-1,-59,-1,-2,18,6,9,4,11,0,0,0,0
Action_12,EMG1R,3,1,1,-3,10,19,-37,24,0,-7,-14,-23,-3,22,-2,-56,9,-12,25,-4,-1,-2,-2,2,1,-1,-5,3,-2,0,-8,0,1,1,3,0,-9,-2,0,1,2,1,0,3,0,0,0,0
Action_12,EMG2R,-4,12,5,-1,5,-7,-14,11,-1,-9,-4,8,-10,10,-62,24,4,5,8,-1,4,-4,-2,2,-1,-2,-3,-1,-2,-3,-3,0,0,-2,0,0,-1,-1,0,2,0,-1,-2,0,0,0,0,0
Action_12,EMG3R,1,6,-9,2,-6,-16,1,13,-3,7,-20,2,-9,18,-3,1,0,2,9,-6,-3,-4,-3,4,2,-3,-1,-1,-3,0,-3,-3,-2,-2,1,-2,0,-3,0,2,-1,-3,-2,2,0,0,0,0
Action_12,EMG4R,8,0,-24,-27,17,8,-67,-42,16,-17,-14,10,-29,-79,-2,-39,48,-6,-1,-4,-4,-13,-3,-1,-6,-11,-5,-12,-4,-4,0,-3,-3,-2,4,-11,3,-2,2,4,-4,-5,-1,1,0,0,0,0
Action_12,EMG5R,15,-9,-16,-8,12,18,-79,36,11,59,0,-5,-23,25,-9,10,37,2,-13,-15,-29,-23,39,11,-13,6,-4,22,2,-1,-7,4,8,-2,-3,-9,0,5,1,1,-3,-16,0,-6,0,0,0,0
Action_12,EMG6R,13,-6,12,-30,-5,-17,-23,93,25,75,-59,-56,-44,25,7,-3,-28,42,-9,2,-12,-2,20,-13,12,-15,-8,12,1,-1,-9,-5,0,6,2,-4,-5,0,7,-11,-11,-14,-1,-6,0,0,0,0
Action_12,EMG7R,3,5,-5,14,77,35,29,72,66,-53,-68,-34,-67,63,32,-52,-1,7,17,-7,9,-7,0,14,-11,5,-2,5,-3,7,-1,-1,2,4,0,-4,-4,-3,1,-3,8,0,-1,2,0,0,0,0
Action_12,GLX,-3.25,14.6875,90.8125,76.5,51.6875,3.8125,-23.5,-16.875,-10.625,-3.875,2.9375,8.3125,12.0625,25.6875,6.1875,25.4375,28,8.4375,-19.75,-47.3125,-55.6875,-39.1875,-22.5,-136.5,175.875,-83.75,-1.4375,67.625,25.4375,2.5625,7,2.3125,2.9375,-3,-7.5,-7.125,2.9375,-1.0625,1.8125,-3.0625,-2.3125,0.4375,-3.3125,0.0625,0,0,0,0
Action_12,GLY,-3.25,14.6875,90.8125,76.5,51.6875,3.8125,-23.5,-16.875,-10.625,-3.875,2.9375,8.3125,12.0625,25.6875,6.1875,25.4375,28,8.4375,-19.75,-47.3125,-55.6875,-39.1875,-22.5,-136.5,175.875,-83.75,-1.4375,67.625,25.4375,2.5625,7,2.3125,2.9375,-3,-7.5,-7.125,2.9375,-1.0625,1.8125,-3.0625,-2.3125,0.4375,-3.3125,0.0625,0,0,0,0
Action_12,GLZ,-3.25,14.6875,90.8125,76.5,51.6875,3.8125,-23.5,-16.875,-10.625,-3.875,2.9375,8.3125,12.0625,25.6875,6.1875,25.4375,28,8.4375,-19.75,-47.3125,-55.6875,-39.1875,-22.5,-136.5,175.875,-83.75,-1.4375,67.625,25.4375,2.5625,7,2.3125,2.9375,-3,-7.5,-7.125,2.9375,-1.0625,1.8125,-3.0625,-2.3125,0.4375,-3.3125,0.0625,0,0,0,0
Action_12,GRX,-1.875,-50.8125,-65.25,-0.5625,22,33.0625,35.5625,19.375,2.1875,-8.375,-0.75,-1.875,-7.75,-49.375,-25.8125,-10,-25.5,17.625,6.6875,26.875,5.9375,-16.625,165.75,-335.0625,82,81.125,-32.5,-66.25,1.4375,23.6875,-15.1875,-10,8.5625,-1.5625,-6.25,-2.25,0,-3.3125,3.5,3.5625,2,1.5,-0.4375,-1.25,0,0,0,0
Action_12,GRY,-1.875,-50.8125,-65.25,-0.5625,22,33.0625,35.5625,19.375,2.1875,-8.375,-0.75,-1.875,-7.75,-49.375,-25.8125,-10,-25.5,17.625,6.6875,26.875,5.9375,-16.625,165.75,-335.0625,82,81.125,-32.5,-66.25,1.4375,23.6875,-15.1875,-10,8.5625,-1.5625,-6.25,-2.25,0,-3.3125,3.5,3.5625,2,1.5,-0.4375,-1.25,0,0,0,0
Action_12,GRZ,-1.875,-50.8125,-65.25,-0.5625,22,33.0625,35.5625,19.375,2.1875,-8.375,-0.75,-1.875,-7.75,-49.375,-25.8125,-10,-25.5,17.625,6.6875,26.875,5.9375,-16.625,165.75,-335.0625,82,81.125,-32.5,-66.25,1.4375,23.6875,-15.1875,-10,8.5625,-1.5625,-6.25,-2.25,0,-3.3125,3.5,3.5625,2,1.5,-0.4375,-1.25,0,0,0,0
Action_12,ORL,2.798184,2.801096,2.919656,3.058969,3.138093,3.126864,3.072347,3.039165,3.021814,3.025237,3.033099,3.044171,3.060563,3.09712,3.149011,3.011802,3.012802,3.021949,2.996778,2.955733,2.900741,2.865518,2.890845,2.810705,2.834235,2.915806,2.88735,2.926473,2.956921,2.969912,2.975482,2.974516,2.984491,2.981654,2.979089,2.98534,2.994774,2.993892,2.992688,2.987405,2.985225,2.984643,2.980608,2.978434,0,0,0,0
Action_12,OPL,3.196365,3.208026,3.300781,3.488691,3.825521,4.437346,4.980502,5.162406,5.238645,5.267234,5.28653,5.309365,5.347268,5.34811,5.097122,4.260473,4.017488,4.041039,4.040572,3.94256,3.795551,3.616757,3.426483,3.17347,3.22737,3.200773,3.183672,3.192729,3.198699,3.21429,3.215043,3.220284,3.226139,3.230531,3.233386,3.240172,3.244091,3.245297,3.247486,3.247832,3.248536,3.249033,3.2501,3.251767,0,0,0,0
Action_12,OYL,8.544416,8.549771,8.570342,8.562511,8.584983,8.631523,8.624902,8.609089,8.616758,8.629273,8.629737,8.614859,8.587028,8.565958,8.595957,8.809511,8.842213,8.843746,8.817602,8.809632,8.757833,8.70958,8.6619,8.463226,8.609579,8.490934,8.415265,8.462835,8.50848,8.501207,8.51093,8.507933,8.505598,8.505788,8.497617,8.47736,8.467074,8.468287,8.472897,8.473835,8.473837,8.474394,8.47484,8.473292,0,0,0,0
Action_12,ORR,6.916878,6.815825,6.66733,6.620237,6.684656,6.752043,6.810204,6.847594,6.841293,6.825922,6.828142,6.824384,6.808672,6.711196,6.693467,6.66758,6.633872,6.65308,6.656349,6.667967,6.683598,6.634838,6.713795,6.876328,6.73379,6.728849,6.85336,6.790497,6.726594,6.759155,6.787064,6.756637,6.758397,6.75209,6.74549,6.742058,6.740126,6.73725,6.735239,6.741117,6.75008,6.752007,6.751595,6.747809,0,0,0,0
Action_12,OPR,3.169609,3.207306,3.376436,3.704765,4.301174,4.740891,5.051923,5.152247,5.167753,5.196079,5.224637,5.266468,5.274508,5.063124,4.429953,4.127271,4.051354,4.067974,4.033876,3.919377,3.789043,3.619927,3.316386,3.272763,3.236846,3.238258,3.224566,3.226724,3.229836,3.226201,3.228471,3.233126,3.2272,3.225763,3.229743,3.229684,3.229215,3.228119,3.228119,3.227784,3.227963,3.225606,3.225427,3.225735,0,0,0,0
Action_12,OYR,9.370572,9.431977,9.480176,9.490211,9.408337,9.344125,9.302922,9.29737,9.29939,9.296154,9.299102,9.298998,9.301621,9.261222,9.17771,9.14706,9.169487,9.163036,9.174542,9.21197,9.255736,9.280826,9.46559,9.305089,9.361898,9.485332,9.385488,9.345278,9.359782,9.361712,9.336082,9.335932,9.348247,9.35725,9.347529,9.346498,9.348118,9.348386,9.351978,9.352833,9.346525,9.345111,9.347302,9.346968,0,0,0,0
Action_13,ALX,0.7910156,0.9165039,0.8310547,0.5693359,0.1479492,0.2485352,0.2861328,-0.05908203,-0.1347656,-0.1235352,0.01464844,0.1318359,-0.08105469,0.7753906,0.06542969,0.3232422,0.4770508,0.3999023,0.5,0.5463867,0.4560547,0.8876953,1.331543,0.4208984,0.9121094,0.9272461,0.878418,0.9433594,0.9130859,0.8930664,0.9179688,0.9248047,0.9106445,0.9086914,0.234375,0.3857422,1.327148,0.9135742,1.063477,0.9458008,0.9150391,0.9018555,0.9169922,0.9057617,0,0,0,0
Action_13,ALY,-0.5048828,-0.6748047,-0.9838867,-0.9091797,-0.7646484,-0.6352539,-0.7490234,-0.9018555,-0.96875,-0.9238281,-0.9008789,-0.5405273,-0.2915039,-1.598145,-1.188477,-0.9165039,-0.7041016,-0.7519531,-0.7290039,-0.7973633,-0.6557617,-0.3911133,-0.15625,-2.405273,-0.02587891,-0.2539063,-0.519043,-0.3710938,-0.4355469,-0.3720703,-0.3911133,-0.4262695,-0.3950195,-0.4023438,-0.5532227,-0.5961914,-0.375,-0.3979492,-0.4306641,-0.390625,-0.402832,-0.425293,-0.390625,-0.4067383,0,0,0,0
Action_13,ALZ,0.08398438,0.2861328,0.4526367,0.4746094,0.3955078,0.3525391,0.4135742,0.3833008,0.4047852,0.3930664,0.4238281,0.2363281,0.2158203,0.9702148,0.3061523,0.3691406,0.3803711,0.2773438,0.3808594,0.3457031,0.3769531,0.3706055,-0.1342773,-0.03173828,0.140625,0.3286133,0.02050781,-0.01464844,0.07910156,0.09765625,0.05029297,0.05322266,0.09375,0.06445313,-0.1152344,-0.449707,0.2958984,0.08496094,0.5776367,0.09521484,0.08740234,0.08984375,0.07861328,0.07958984,0,0,0,0
Action_13,ARX,0.9711914,0.8764648,0.4609375,0.1870117,-0.03955078,0.2104492,0.1533203,-0.2041016,-0.1567383,-0.109375,-0.04052734,-0.2573242,0.9257813,0.1489258,0.2563477,0.4775391,0.4633789,0.3857422,0.5371094,0.2915039,0.6787109,1.012695,0.8061523,0.8862305,0.7749023,0.9936523,0.9633789,0.8398438,0.8662109,0.9306641,0.9052734,0.8842773,0.9003906,0.8881836,0.8911133,0.8964844,0.894043,0.8979492,0.9003906,0.8945313,0.8901367,0.8964844,0.8935547,0.8955078,0,0,0,0
Action_13,ARY,0.887207,0.4248047,0.9140625,0.6894531,0.5849609,0.6196289,0.7963867,0.855957,0.925293,0.909668,0.7607422,0.3320313,0.715332,1.171387,0.9848633,0.7641602,0.6689453,0.7172852,0.5649414,0.6777344,0.4008789,0.421875,0.3525391,0.4599609,0.3842773,0.3193359,0.3447266,0.3120117,0.4433594,0.3774414,0.3442383,0.3676758,0.3613281,0.3623047,0.3691406,0.3676758,0.3647461,0.3666992,0.3720703,0.3657227,0.3666992,0.3657227,0.371582,0.3706055,0,0,0,0
Action_13,ARZ,0.3295898,0.5136719,0.5439453,0.4868164,0.3461914,0.484375,0.4580078,0.4169922,0.4648438,0.4272461,0.4389648,0.1767578,0.6489258,0.4526367,0.5004883,0.3808594,0.4921875,0.5541992,0.378418,0.2729492,0.5283203,0.2963867,-0.8544922,0.2265625,0.4272461,0.04833984,-0.01464844,0.2504883,0.2099609,0.05859375,0.1552734,0.1489258,0.1293945,0.1367188,0.140625,0.1362305,0.1362305,0.1499023,0.1391602,0.1464844,0.1328125,0.1450195,0.1328125,0.1484375,0,0,0,0
Action_13,EMG0L,-5,13,-90,15,13,-90,-70,93,127,22,-26,-16,48,72,-7,-25,44,4,-71,-31,-16,7,9,9,0,7,4,0,-2,4,8,1,0,0,0,6,-1,-4,-4,8,9,-8,-2,-4,0,0,0,0
Action_13,EMG1L,26,13,3,-4,-77,35,30,-5,24,-3,-15,23,7,-16,-29,-46,-16,-10,-51,-39,-11,1,3,-4,-4,1,-2,4,9,-3,3,-5,-1,1,2,0,-3,-7,4,2,-9,3,6,-4,0,0,0,0
Action_13,EMG2L,8,-4,32,-10,-57,-40,8,-46,-5,-4,-12,80,16,-20,-85,-25,-42,-22,-92,-14,-2,-9,0,-8,1,3,-2,-1,3,-2,-1,-1,3,-2,-1,-3,-4,-1,-1,-2,-5,-1,0,0,0,0,0,0
Action_13,EMG3L,19,1,-31,-28,120,-34,61,59,6,-46,83,-1,-39,-30,30,4,8,42,-28,-1,9,-12,9,-7,2,0,3,-4,0,0,0,-1,0,-2,-1,0,-2,-1,-3,-2,-4,-1,-2,-2,0,0,0,0
Action_13,EMG4L,11,2,-5,-10,42,5,14,28,-12,-25,15,25,-6,-18,-24,12,1,8,-30,6,-4,8,3,-2,1,-1,-1,1,-1,-1,-1,0,0,-2,-1,-1,0,0,0,-3,-2,-2,-2,-3,0,0,0,0
Action_13,EMG5L,11,11,7,-27,-2,28,-18,30,-12,7,43,-7,-47,3,1,-85,-24,34,-27,6,20,21,0,1,-1,-2,-2,0,0,-2,-4,-1,-1,0,-3,1,0,-2,-1,-3,-4,-4,-1,-1,0,0,0,0
Action_13,EMG6L,-2,-23,11,-79,-16,69,-41,48,-5,-8,26,19,-37,22,-57,-64,-73,31,-63,-25,24,-5,-10,1,-7,2,-1,3,-3,-2,-4,1,-4,-1,3,8,-3,-1,-9,-3,-4,0,-3,2,0,0,0,0
Action_13,EMG7L,-3,-29,-56,-28,-19,-1,-82,127,49,-16,-71,-67,53,17,13,-60,11,-4,-23,-20,-1,22,4,8,-1,-3,0,1,-3,-2,-2,5,-4,1,-1,4,-1,-2,-2,-1,-4,-8,-2,-2,0,0,0,0
Action_13,EMG0R,-1,21,-11,10,3,8,33,-5,-6,-32,40,55,-9,-10,0,62,-44,-22,-49,32,-1,7,6,-15,-1,20,-5,-3,-2,3,10,25,18,9,19,-6,11,3,8,22,-11,0,-1,-2,0,0,0,0
Action_13,EMG1R,11,11,5,0,31,6,-29,-13,-9,3,28,55,-43,-23,-1,15,-1,-33,-22,20,-9,-2,-3,0,-2,-2,-1,0,2,0,2,9,7,1,5,-4,0,-3,2,6,-4,0,2,1,0,0,0,0
Action_13,EMG2R,49,-11,21,10,5,16,-13,-17,9,24,9,16,-31,40,21,13,1,-13,-10,10,-5,2,0,-5,-1,-1,1,0,-3,1,1,3,1,0,0,-1,-3,-2,0,-1,0,0,-1,0,0,0,0,0
Action_13,EMG3R,13,-8,0,1,-11,47,-8,-25,9,-5,33,0,-88,-31,2,-4,-11,68,-11,-50,-1,3,-12,-12,0,-1,0,1,-4,0,-1,3,-1,1,-3,-1,-4,-1,-1,-2,0,-2,0,0,0,0,0,0
Action_13,EMG4R,6,0,-31,7,100,30,-24,-7,-69,22,47,-18,19,25,60,-48,28,-31,-3,-5,-7,4,7,-9,-1,9,-5,-6,-5,0,0,0,-7,-2,-6,-1,-3,0,1,-1,3,-5,4,1,0,0,0,0
Action_13,EMG5R,-8,-2,-8,58,53,-7,31,2,-34,-7,36,20,-63,29,48,-1,-24,-116,30,23,-2,-26,-15,-4,-6,5,-4,2,-8,13,-4,3,2,-6,4,5,-1,2,5,3,2,-4,0,-5,0,0,0,0
Action_13,EMG6R,50,89,-86,50,71,-38,-110,-8,40,-6,30,-25,-82,-31,9,10,-17,-33,14,-6,-27,-30,-22,-6,-8,-7,0,-7,-14,9,-3,0,-4,6,11,-7,-5,11,-2,13,2,9,-4,7,0,0,0,0
Action_13,EMG7R,18,60,-25,-9,14,99,-127,-69,10,-55,49,-72,29,-128,46,-18,-46,-15,-13,13,-7,-18,-15,-21,1,1,1,5,-2,3,3,3,7,0,3,-2,0,-1,-2,-1,1,0,3,0,0,0,0,0
Action_13,GLX,31.6875,54.0625,-7.1875,9,-0.625,-2.6875,-7.6875,-7,5.0625,-0.875,4.0625,16.9375,-32.0625,-18.25,15.125,-8.25,-0.125,9.625,-19.25,-13,38.0625,-22.4375,-203.3125,-160.125,-66.125,-66.875,18.375,31.5,-23.875,6.125,-7.625,0.9375,-1.3125,-0.8125,-2.5,4.5625,-5.125,-1.75,3.625,-3.0625,6.5,-0.375,3.1875,-0.4375,0,0,0,0
Action_13,GLY,31.6875,54.0625,-7.1875,9,-0.625,-2.6875,-7.6875,-7,5.0625,-0.875,4.0625,16.9375,-32.0625,-18.25,15.125,-8.25,-0.125,9.625,-19.25,-13,38.0625,-22.4375,-203.3125,-160.125,-66.125,-66.875,18.375,31.5,-23.875,6.125,-7.625,0.9375,-1.3125,-0.8125,-2.5,4.5625,-5.125,-1.75,3.625,-3.0625,6.5,-0.375,3.1875,-0.4375,0,0,0,0
Action_13,GLZ,31.6875,54.0625,-7.1875,9,-0.625,-2.6875,-7.6875,-7,5.0625,-0.875,4.0625,16.9375,-32.0625,-18.25,15.125,-8.25,-0.125,9.625,-19.25,-13,38.0625,-22.4375,-203.3125,-160.125,-66.125,-66.875,18.375,31.5,-23.875,6.125,-7.625,0.9375,-1.3125,-0.8125,-2.5,4.5625,-5.125,-1.75,3.625,-3.0625,6.5,-0.375,3.1875,-0.4375,0,0,0,0
Action_13,GRX,-91.0625,-28,-17.5625,35.1875,52.9375,29.4375,12.1875,-4.625,-3.9375,2.4375,-6.9375,-14.4375,19.8125,-25,-12.625,-7,13.875,6.75,12.8125,-40.8125,30.375,68.4375,78.25,186.5625,6.4375,50.1875,-62.6875,-19.375,-1.625,7.625,-16.3125,-3.4375,0.125,-6.5,0.3125,0.4375,-0.5625,-2.1875,-0.25,-2.8125,1.5625,0.25,-0.0625,-1.375,0,0,0,0
Action_13,GRY,-91.0625,-28,-17.5625,35.1875,52.9375,29.4375,12.1875,-4.625,-3.9375,2.4375,-6.9375,-14.4375,19.8125,-25,-12.625,-7,13.875,6.75,12.8125,-40.8125,30.375,68.4375,78.25,186.5625,6.4375,50.1875,-62.6875,-19.375,-1.625,7.625,-16.3125,-3.4375,0.125,-6.5,0.3125,0.4375,-0.5625,-2.1875,-0.25,-2.8125,1.5625,0.25,-0.0625,-1.375,0,0,0,0
Action_13,GRZ,-91.0625,-28,-17.5625,35.1875,52.9375,29.4375,12.1875,-4.625,-3.9375,2.4375,-6.9375,-14.4375,19.8125,-25,-12.625,-7,13.875,6.75,12.8125,-40.8125,30.375,68.4375,78.25,186.5625,6.4375,50.1875,-62.6875,-19.375,-1.625,7.625,-16.3125,-3.4375,0.125,-6.5,0.3125,0.4375,-0.5625,-2.1875,-0.25,-2.8125,1.5625,0.25,-0.0625,-1.375,0,0,0,0
Action_13,ORL,3.118304,3.144289,3.14029,3.156386,3.152626,3.137266,3.128628,3.129259,3.140779,3.143309,3.149428,3.176536,3.158429,3.10741,3.120561,3.107586,3.119648,3.133382,3.105771,3.071407,3.078238,3.010122,2.850319,2.612614,2.957615,2.911552,2.912164,2.898585,2.870989,2.87466,2.862525,2.850732,2.859721,2.857831,2.823364,2.76432,2.777394,2.782121,2.80329,2.792265,2.79978,2.799641,2.80939,2.807858,0,0,0,0
Action_13,OPL,3.346342,3.538841,3.823196,4.23883,4.666424,5.045238,5.101056,5.108143,5.122964,5.144611,5.161588,5.134505,4.85425,4.423584,4.32312,4.366428,4.386038,4.362392,4.277637,4.121237,3.895052,3.521864,3.243905,3.135984,3.113262,3.10916,3.114216,3.126978,3.129284,3.139285,3.135524,3.139869,3.145723,3.145601,3.163211,3.170747,3.161631,3.161829,3.157363,3.174053,3.174801,3.17253,3.172035,3.17136,0,0,0,0
Action_13,OYL,8.412669,8.453622,8.467937,8.484807,8.488323,8.49013,8.472113,8.488084,8.515053,8.514316,8.515591,8.523412,8.561238,8.640011,8.691792,8.698162,8.690742,8.682739,8.698929,8.705743,8.745865,8.815946,8.783823,8.637322,8.573588,8.472136,8.443107,8.513203,8.519782,8.510428,8.521245,8.525514,8.519904,8.518845,8.549001,8.598779,8.584199,8.577016,8.563051,8.572681,8.570524,8.567743,8.565329,8.565774,0,0,0,0
Action_13,ORR,6.60223,6.482431,6.543992,6.578835,6.684502,6.732659,6.750138,6.748257,6.73973,6.739872,6.7329,6.691075,6.711557,6.686026,6.68749,6.691002,6.691964,6.670067,6.667922,6.651246,6.611941,6.736162,7.161455,6.848585,6.884856,6.9051,6.976823,6.841656,6.840634,6.918386,6.899161,6.893407,6.903332,6.904666,6.899796,6.903475,6.902791,6.896693,6.897678,6.894177,6.898868,6.898801,6.900192,6.898296,0,0,0,0
Action_13,OPR,3.3957,3.639341,4.166621,4.593478,5.044666,5.143102,5.135014,5.136781,5.14739,5.167233,5.169076,4.997911,4.555385,4.312737,4.319519,4.346248,4.332493,4.287257,4.198451,4.061055,3.802913,3.403558,3.245008,3.174531,3.185743,3.181892,3.166043,3.16827,3.177459,3.173512,3.175586,3.174596,3.1719,3.175163,3.175278,3.174387,3.174429,3.17438,3.173714,3.172198,3.170739,3.167552,3.167514,3.165913,0,0,0,0
Action_13,OYR,9.289976,9.287171,9.229959,9.186872,9.174976,9.193891,9.202089,9.206692,9.197746,9.198601,9.199904,9.183145,9.135326,9.068493,9.061541,9.044872,9.059473,9.085153,9.095282,9.127462,9.15941,9.193019,9.009884,9.159534,9.308796,9.269253,9.180837,9.234782,9.251791,9.192412,9.182642,9.173843,9.164298,9.154755,9.155008,9.154208,9.154915,9.157594,9.155586,9.154814,9.150598,9.149814,9.148862,9.148248,0,0,0,0
Action_14,ALX,0.4814453,0.2133789,0.2709961,0.08691406,0.01660156,-0.1005859,-0.07470703,-0.08300781,0.04638672,0.4770508,-0.7539063,2.060059,0.2260742,0.3388672,0.7167969,0.6625977,0.612793,0.793457,0.7026367,0.6928711,1.018066,0.8974609,0.8969727,0.8251953,0.9052734,0.8666992,0.9038086,0.8769531,0.8862305,0.9199219,0.8842773,0.902832,0.8969727,0.9013672,0.890625,0.8989258,0.8969727,0.8999023,0.8974609,0.8969727,0.9018555,0.9023438,0.8964844,0.902832,0,0,0,0
Action_14,ALY,-0.8432617,-0.8271484,-0.8168945,-0.8139648,-0.871582,-0.934082,-1.024414,-0.9716797,-0.9394531,-0.4399414,-0.01708984,-1.512207,-1.322266,-1.140137,-0.7358398,-0.6855469,-0.628418,-0.5512695,-0.590332,-0.5600586,-0.1660156,-0.6464844,-1.148438,-0.2851563,-0.3188477,-0.5161133,-0.4438477,-0.4482422,-0.4121094,-0.3984375,-0.4472656,-0.4248047,-0.4140625,-0.4462891,-0.4262695,-0.4360352,-0.4199219,-0.4296875,-0.4213867,-0.4257813,-0.4306641,-0.4355469,-0.4155273,-0.4301758,0,0,0,0
Action_14,ALZ,0.434082,0.3364258,0.1660156,0.2851563,0.4448242,0.3388672,0.3261719,0.2788086,0.3427734,0.25,-0.1743164,0.8730469,0.05175781,0.2592773,0.1777344,0.2724609,0.1982422,0.3579102,0.2431641,0.2924805,0.1030273,-0.1669922,-0.2714844,0.1806641,0.269043,0.08789063,0.02880859,0.1181641,0.1123047,0.05371094,0.06738281,0.1064453,0.06738281,0.06347656,0.07666016,0.08349609,0.06445313,0.07324219,0.078125,0.07519531,0.07861328,0.078125,0.07910156,0.08740234,0,0,0,0
Action_14,ARX,0.1914063,0.1118164,0.1425781,0.04199219,-0.2192383,-0.1489258,-0.1538086,0.008789063,-0.03759766,-0.06494141,-0.5019531,0.8339844,0.3652344,0.5356445,0.5830078,0.5058594,0.5859375,0.6625977,0.597168,0.8886719,1.021484,0.8417969,0.8266602,0.8681641,0.8735352,0.9350586,0.8374023,0.8598633,0.90625,0.902832,0.8876953,0.8935547,0.8920898,0.8916016,0.8881836,0.8994141,0.8955078,0.890625,0.8959961,0.8935547,0.8876953,0.8930664,0.8901367,0.8916016,0,0,0,0
Action_14,ARY,0.8183594,0.7514648,0.7539063,0.7075195,0.8432617,0.9316406,0.9521484,0.909668,0.6464844,0.2358398,0.8134766,1.564941,1.030273,0.7089844,0.6396484,0.6469727,0.6108398,0.5966797,0.5571289,0.3300781,0.4584961,0.6474609,0.3520508,0.2490234,0.5454102,0.3579102,0.3291016,0.4462891,0.3808594,0.3481445,0.3735352,0.3691406,0.3686523,0.3691406,0.3652344,0.3598633,0.3701172,0.3735352,0.3652344,0.3618164,0.3652344,0.359375,0.3623047,0.3662109,0,0,0,0
Action_14,ARZ,0.5083008,0.2866211,0.3945313,0.5297852,0.484375,0.4453125,0.3833008,0.4345703,0.3793945,0.08496094,0.3076172,0.6328125,0.4199219,0.3476563,0.3808594,0.4311523,0.3081055,0.3154297,0.3183594,0.2749023,0.2021484,-0.5258789,0.1958008,0.3408203,0.07177734,0.01757813,0.2080078,0.1733398,0.1118164,0.1621094,0.1679688,0.1547852,0.1396484,0.1538086,0.1503906,0.1499023,0.1518555,0.1489258,0.1489258,0.1552734,0.1503906,0.15625,0.1513672,0.1538086,0,0,0,0
Action_14,EMG0L,44,-32,-117,116,-63,0,25,44,-13,66,-20,15,-7,18,15,-3,-72,40,-27,-27,51,3,-21,-2,-18,20,16,-8,-2,-9,-12,15,-28,3,0,2,-2,8,2,-1,6,-1,5,1,0,0,0,0
Action_14,EMG1L,1,-1,-26,43,-21,20,15,1,-2,20,-1,16,-23,-26,25,1,-11,34,-1,-20,41,20,-8,-16,-3,2,8,-4,-2,9,0,10,-10,6,-1,-16,-27,-10,-15,26,-8,-2,1,6,0,0,0,0
Action_14,EMG2L,-11,4,-104,-23,48,18,19,-26,-3,11,20,122,19,-37,23,4,-9,8,14,5,5,8,-3,-1,0,-5,-2,1,-2,3,2,2,-2,-3,-1,-4,1,-3,-2,-2,4,-1,-6,-4,0,0,0,0
Action_14,EMG3L,-23,14,-35,-92,-36,45,11,-18,30,-26,77,-16,44,-21,-18,-23,-12,-20,-8,-3,3,7,-7,-2,-2,-2,-3,1,1,2,-1,-3,-2,-4,-1,-1,-1,-2,-1,0,-1,0,-2,-2,0,0,0,0
Action_14,EMG4L,-18,-22,-15,-15,6,8,3,-6,8,-14,23,10,40,-7,50,-11,5,-2,-6,-2,3,0,-3,-1,3,-3,1,0,-1,-1,0,-1,-3,0,-1,-2,-2,0,-1,-1,-2,0,-2,-2,0,0,0,0
Action_14,EMG5L,-10,-86,-82,26,-13,0,14,-42,-33,6,-12,12,34,-15,-34,-30,16,3,-29,-3,7,1,-7,-2,3,-6,3,1,-1,-2,1,0,-3,0,-1,1,-1,1,1,-2,-3,-1,-4,-1,0,0,0,0
Action_14,EMG6L,-12,11,-40,66,-24,-24,54,-35,21,13,-33,63,60,44,-47,9,20,-55,-2,31,14,-4,-10,-4,-3,-10,-1,3,-1,-2,1,2,0,0,-2,-2,-2,-1,1,-5,0,0,-3,1,0,0,0,0
Action_14,EMG7L,13,-30,1,22,-40,105,80,-42,-8,35,90,58,-8,11,-45,11,-7,-12,-8,-3,2,0,-15,0,-1,-5,-1,0,0,-2,0,3,-1,-1,-3,1,-3,5,1,-7,-1,-3,-1,-1,0,0,0,0
Action_14,EMG0R,-8,39,21,-82,24,31,-65,-5,50,-21,86,19,0,-14,6,55,-15,-24,-28,-3,1,3,-2,-30,-5,9,-8,2,-6,-14,-14,-7,17,-16,-6,-2,-1,-20,-7,5,-8,0,0,-24,0,0,0,0
Action_14,EMG1R,-13,19,15,-24,18,-1,-14,9,33,-2,-23,20,11,0,8,3,4,-7,-12,6,-2,2,-1,-15,-1,2,-3,2,-2,-5,-3,-3,4,-1,-2,-2,-1,-4,0,1,-4,-2,0,-6,0,0,0,0
Action_14,EMG2R,-16,4,19,-4,17,-10,-2,-7,13,10,-104,-28,22,11,-10,-11,-5,-2,-8,6,-5,-2,-3,-6,0,-2,-3,0,0,0,-2,-2,3,-2,-1,1,-3,0,-1,1,-3,-3,-1,0,0,0,0,0
Action_14,EMG3R,-17,3,-5,-14,4,-4,2,-16,17,-7,-25,-28,-2,6,3,-6,-7,-2,-8,5,2,3,-2,0,0,-6,5,-2,1,-2,1,0,1,-1,-2,-2,-1,-1,-1,-1,-2,-3,0,2,0,0,0,0
Action_14,EMG4R,-13,-8,-77,-68,20,-11,-31,8,99,13,-26,-56,65,46,19,-35,-13,-8,-7,3,12,-6,9,0,-4,-7,21,-7,5,-7,11,9,-6,-2,-5,-2,-1,1,2,1,-3,-4,-1,14,0,0,0,0
Action_14,EMG5R,-24,4,3,-90,69,-62,1,7,0,-1,-49,-90,33,31,33,15,-9,2,-19,-23,48,6,-8,-13,-4,-6,14,-10,-7,1,-5,-1,1,1,0,0,-24,13,-1,2,6,15,-11,8,0,0,0,0
Action_14,EMG6R,-27,-91,46,-56,40,47,-35,-35,38,7,-20,-29,-12,17,-12,25,20,-14,-4,-4,37,10,-58,6,4,2,-11,2,-11,-5,-8,-12,-2,25,1,5,17,-4,-5,8,-3,-8,-4,-9,0,0,0,0
Action_14,EMG7R,-10,-100,-4,-24,20,72,-59,-83,80,-37,33,-68,22,-40,21,77,-62,-10,-14,-1,-6,-3,-17,-1,-1,6,-4,0,1,-3,-1,-5,0,1,1,1,-1,-1,1,-8,-1,-1,-1,-2,0,0,0,0
Action_14,GLX,-11.875,-15.9375,-13.75,-25.75,-9.0625,3,-1.75,4.6875,0.375,52.8125,16.0625,-27.375,28.25,2.625,-6.6875,14.4375,-5.3125,-25.375,-12.4375,8.1875,-57.3125,-148.3125,187.5625,-81.0625,-68.125,7.0625,-5.5,-10.9375,4.1875,-2.6875,-0.1875,0.75,2.0625,-0.4375,-0.5625,-5.375,-2,-0.1875,1.875,2.3125,1.5,-1.1875,-2.3125,1.125,0,0,0,0
Action_14,GLY,-11.875,-15.9375,-13.75,-25.75,-9.0625,3,-1.75,4.6875,0.375,52.8125,16.0625,-27.375,28.25,2.625,-6.6875,14.4375,-5.3125,-25.375,-12.4375,8.1875,-57.3125,-148.3125,187.5625,-81.0625,-68.125,7.0625,-5.5,-10.9375,4.1875,-2.6875,-0.1875,0.75,2.0625,-0.4375,-0.5625,-5.375,-2,-0.1875,1.875,2.3125,1.5,-1.1875,-2.3125,1.125,0,0,0,0
Action_14,GLZ,-11.875,-15.9375,-13.75,-25.75,-9.0625,3,-1.75,4.6875,0.375,52.8125,16.0625,-27.375,28.25,2.625,-6.6875,14.4375,-5.3125,-25.375,-12.4375,8.1875,-57.3125,-148.3125,187.5625,-81.0625,-68.125,7.0625,-5.5,-10.9375,4.1875,-2.6875,-0.1875,0.75,2.0625,-0.4375,-0.5625,-5.375,-2,-0.1875,1.875,2.3125,1.5,-1.1875,-2.3125,1.125,0,0,0,0
Action_14,GRX,20.8125,11.375,38.8125,44.3125,-4.375,-0.4375,2.5,7.5,-3.5,-23.125,22.125,-54.625,-13.25,14.5,17.25,17.0625,21.25,16.1875,-16.5,10.875,135.125,82.8125,103.9375,8.6875,-35.25,-34.25,-11.375,-0.125,6.4375,-7.875,-4.125,4.9375,-1.5,-2.125,0.25,-3,-4.5625,0.125,0.8125,0.375,-1.625,-0.125,-2.1875,-4.3125,0,0,0,0
Action_14,GRY,20.8125,11.375,38.8125,44.3125,-4.375,-0.4375,2.5,7.5,-3.5,-23.125,22.125,-54.625,-13.25,14.5,17.25,17.0625,21.25,16.1875,-16.5,10.875,135.125,82.8125,103.9375,8.6875,-35.25,-34.25,-11.375,-0.125,6.4375,-7.875,-4.125,4.9375,-1.5,-2.125,0.25,-3,-4.5625,0.125,0.8125,0.375,-1.625,-0.125,-2.1875,-4.3125,0,0,0,0
Action_14,GRZ,20.8125,11.375,38.8125,44.3125,-4.375,-0.4375,2.5,7.5,-3.5,-23.125,22.125,-54.625,-13.25,14.5,17.25,17.0625,21.25,16.1875,-16.5,10.875,135.125,82.8125,103.9375,8.6875,-35.25,-34.25,-11.375,-0.125,6.4375,-7.875,-4.125,4.9375,-1.5,-2.125,0.25,-3,-4.5625,0.125,0.8125,0.375,-1.625,-0.125,-2.1875,-4.3125,0,0,0,0
Action_14,ORL,3.131743,3.100872,3.07293,3.027848,3.004326,3.029333,3.026519,3.023129,3.023216,3.093894,3.15088,2.968881,2.929844,2.93268,2.939661,2.960694,2.972902,2.95751,2.950896,2.986273,3.000004,2.933533,2.876726,2.902963,2.880479,2.884528,2.873859,2.861871,2.863344,2.855121,2.841685,2.840038,2.843566,2.834867,2.833266,2.826511,2.822044,2.818849,2.819164,2.820051,2.820742,2.817273,2.815146,2.812601,0,0,0,0
Action_14,OPL,4.262879,4.797472,5.039907,5.086454,5.074642,5.095514,5.110836,5.14328,5.177404,5.159547,4.806983,4.165215,3.864567,3.893752,3.931592,3.945543,3.930748,3.821283,3.718443,3.58016,3.400933,3.182842,3.198147,3.190637,3.18139,3.181316,3.18531,3.192572,3.199519,3.194005,3.192528,3.195275,3.19582,3.196234,3.196055,3.197351,3.198567,3.198751,3.199449,3.200987,3.202702,3.202975,3.202441,3.203715,0,0,0,0
Action_14,OYL,8.358544,8.40018,8.453934,8.464426,8.490544,8.500888,8.487158,8.482575,8.478333,8.486548,8.519731,8.713755,8.783785,8.759047,8.76296,8.746667,8.741643,8.721531,8.67778,8.643895,8.594849,8.324893,8.428473,8.365939,8.267528,8.224322,8.298384,8.289612,8.283619,8.292397,8.299973,8.301561,8.300929,8.306746,8.309129,8.308097,8.309813,8.310579,8.311069,8.3132,8.315946,8.318072,8.31894,8.318947,0,0,0,0
Action_14,ORR,6.652979,6.685151,6.74402,6.798772,6.792067,6.785146,6.79509,6.812888,6.814556,6.787895,6.785074,6.757694,6.749839,6.761434,6.780827,6.771609,6.780139,6.789562,6.749018,6.69204,6.776176,7.131004,6.905573,6.923439,6.88219,6.940672,6.858963,6.862427,6.881723,6.871061,6.8639,6.866787,6.875449,6.86851,6.864866,6.85845,6.853599,6.857519,6.860974,6.861279,6.860328,6.856792,6.854078,6.851036,0,0,0,0
Action_14,OPR,4.65484,5.089291,5.196506,5.169881,5.146827,5.149845,5.163684,5.180495,5.195363,5.066181,4.56523,4.068223,4.016781,4.040183,4.020897,3.982985,3.933544,3.846473,3.742333,3.536283,3.341178,3.252151,3.179104,3.178759,3.18352,3.172405,3.174578,3.177245,3.177401,3.17968,3.179188,3.176835,3.174888,3.175371,3.175426,3.175189,3.176463,3.178052,3.176703,3.176458,3.176332,3.17523,3.175158,3.17495,0,0,0,0
Action_14,OYR,9.127047,9.011101,8.976752,8.995021,8.988412,8.9877,8.995924,9.01082,9.032635,9.029234,8.95748,8.813255,8.794033,8.790529,8.815909,8.858295,8.890866,8.930527,8.975472,9.001186,9.09753,9.030945,9.087581,9.192296,9.214284,9.12932,9.157863,9.17134,9.145529,9.140722,9.140303,9.144274,9.137938,9.1404,9.143272,9.145072,9.142474,9.135386,9.133775,9.133539,9.133476,9.134211,9.135172,9.133427,0,0,0,0
Action_15,ALX,0.9023438,0.9038086,0.902832,0.8994141,0.8989258,0.9091797,0.8984375,0.8945313,0.9731445,0.9213867,0.859375,0.7119141,0.3950195,0.2866211,0.04931641,-0.03808594,-0.159668,-0.02636719,-0.1533203,-0.3442383,3.554688,0.2543945,0.3916016,0.6601563,0.6772461,0.6494141,0.809082,0.8447266,1.032227,1.024414,0.7109375,0.8740234,0.9013672,0.875,0.9536133,0.8818359,0.9238281,0.8710938,0.9018555,0.8999023,0.9018555,0.9038086,0.9082031,0.8916016,0,0,0,0
Action_15,ALY,-0.4160156,-0.4169922,-0.4208984,-0.4169922,-0.4213867,-0.4262695,-0.425293,-0.4511719,-0.6728516,-0.7841797,-0.9204102,-0.9189453,-0.7070313,-0.5205078,-0.7426758,-0.8901367,-0.9018555,-0.9707031,-0.8818359,0.1342773,-0.5600586,-1.946777,-1.126465,-0.668457,-0.5800781,-0.6552734,-0.5483398,-0.5654297,-0.2250977,-0.5610352,-1.217773,-0.1748047,-0.3115234,-0.4697266,-0.3764648,-0.4873047,-0.4438477,-0.394043,-0.4360352,-0.4189453,-0.4228516,-0.4169922,-0.4360352,-0.4345703,0,0,0,0
Action_15,ALZ,0.09179688,0.1025391,0.1015625,0.1010742,0.09130859,0.1025391,0.1005859,0.08105469,0.03857422,-0.03759766,0.3378906,0.4418945,0.4248047,0.3120117,0.3710938,0.3457031,0.3491211,0.3530273,0.2724609,0.09326172,0.3198242,0.2509766,0.137207,0.2548828,0.2133789,0.1704102,0.1806641,0.09179688,0.1958008,0.2207031,-0.4941406,0.05908203,0.1972656,0.03759766,0.02587891,0.06835938,0.07324219,0.04638672,0.08007813,0.06494141,0.0703125,0.06445313,0.09082031,0.06591797,0,0,0,0
Action_15,ARX,0.8862305,0.8901367,0.8896484,0.8955078,0.8896484,0.8876953,0.8837891,0.9619141,1.019043,0.8935547,0.6674805,0.2880859,0.2861328,0.1801758,-0.06835938,-0.2133789,-0.2216797,-0.08886719,-0.2949219,-0.7753906,0.5581055,0.3735352,0.597168,0.6181641,0.7182617,0.7026367,0.7436523,0.9897461,0.9677734,1.041504,0.871582,0.9946289,0.8852539,0.8930664,0.847168,0.90625,0.8916016,0.8857422,0.887207,0.8828125,0.8876953,0.8916016,0.8701172,0.8725586,0,0,0,0
Action_15,ARY,0.3769531,0.3774414,0.3730469,0.3754883,0.3769531,0.3789063,0.3842773,0.4199219,0.7573242,0.8798828,0.9482422,0.6621094,0.5981445,0.527832,0.8447266,0.9560547,0.9116211,0.7495117,0.1040039,0.5224609,1.900879,1.286133,0.6816406,0.5039063,0.5307617,0.4746094,0.6191406,0.1269531,0.5371094,1.839355,0.04931641,0.1489258,0.3901367,0.328125,0.4692383,0.3374023,0.375,0.3769531,0.4008789,0.3930664,0.3774414,0.4013672,0.4125977,0.3710938,0,0,0,0
Action_15,ARZ,0.1630859,0.1616211,0.1640625,0.1552734,0.1611328,0.1616211,0.1665039,0.09033203,0.06933594,0.449707,0.6083984,0.4648438,0.3125,0.371582,0.4291992,0.4155273,0.3652344,0.4013672,0.3393555,0.2783203,0.590332,0.3041992,0.4033203,0.409668,0.3881836,0.3349609,0.3530273,0.3852539,0.234375,-0.07373047,0.2856445,0.1220703,-0.05224609,0.2011719,0.2045898,0.1591797,0.1240234,0.1918945,0.140625,0.1420898,0.1499023,0.1240234,0.1479492,0.1552734,0,0,0,0
Action_15,EMG0L,-3,-5,-11,1,-2,1,17,-10,13,-24,33,-19,61,55,-70,48,-40,16,-29,41,-18,42,-28,30,-7,-5,21,19,-3,62,-15,-6,-13,6,0,-4,-14,3,11,-6,10,-26,4,-3,0,0,0,0
Action_15,EMG1L,-2,0,0,-6,-2,1,-1,-5,-1,20,-12,-26,7,-46,-7,43,-7,-7,7,-16,-16,-40,-25,0,-19,32,-5,10,-8,30,-10,0,-2,0,0,4,0,3,0,6,-17,-6,2,-7,0,0,0,0
Action_15,EMG2L,-1,1,-1,-1,-1,0,-1,-4,-2,14,3,-45,-36,-22,-91,21,-32,-37,17,-31,-63,45,-54,8,-23,62,-34,26,7,1,-6,10,1,-7,-4,1,1,-1,-2,-2,2,-3,-2,-4,0,0,0,0
Action_15,EMG3L,0,-2,-3,0,-3,1,-1,-2,1,-3,10,23,44,-23,-105,0,-47,-12,-4,18,119,-68,34,9,3,2,38,12,-13,11,-12,14,-3,-9,-1,0,-2,0,-4,-1,-2,0,-1,-1,0,0,0,0
Action_15,EMG4L,0,0,-1,-2,-2,0,-1,-3,7,-3,9,6,12,9,8,-14,-32,22,-7,-9,-74,43,41,-12,6,14,6,-1,-4,-4,-3,-3,-2,-2,-2,-1,-2,0,-1,-1,1,-1,-1,-4,0,0,0,0
Action_15,EMG5L,1,-1,-2,1,-1,0,2,-6,1,-20,-28,-73,35,54,2,9,-8,16,-3,-16,-48,19,37,-57,27,46,28,3,-1,-6,-5,6,-3,-2,0,-1,1,-1,-1,-1,-1,1,0,0,0,0,0,0
Action_15,EMG6L,0,-1,0,-4,0,3,1,4,14,-8,-10,-27,27,0,-70,40,-11,9,14,-50,-31,0,15,-73,16,60,60,-11,68,-2,-15,19,-2,-4,-1,-3,1,-2,-1,-2,0,1,2,-4,0,0,0,0
Action_15,EMG7L,-5,-2,-1,-1,-5,-1,-1,18,25,39,76,1,-20,68,-52,32,-50,29,28,10,7,-26,-20,-60,-9,20,23,-20,10,1,-5,8,-6,1,-1,-4,-3,1,5,3,-2,0,-6,-3,0,0,0,0
Action_15,EMG0R,1,0,0,1,-4,0,-1,-24,-8,28,4,1,-2,-63,1,-8,2,-2,31,3,49,-33,14,72,-52,33,-12,-44,0,11,3,-5,-16,4,2,1,-2,2,-5,2,-7,1,1,-4,0,0,0,0
Action_15,EMG1R,-1,0,-2,-3,-1,0,-3,-8,-24,0,13,7,-19,-20,28,-6,5,-20,50,-66,-11,-20,0,8,-10,41,8,-13,-2,3,2,-2,-6,-2,-3,1,-1,0,-3,2,-3,-2,0,-2,0,0,0,0
Action_15,EMG2R,-1,-2,-2,-1,-2,-3,1,11,-14,-19,-9,-6,6,3,-5,9,9,-8,30,1,20,0,-15,-16,-1,-2,9,-4,-3,-1,2,0,-2,-1,-1,-1,-2,-1,-2,1,-1,-2,-2,0,0,0,0,0
Action_15,EMG3R,2,-1,-3,-3,-2,-1,0,-1,-4,-8,-6,-6,-4,21,-1,5,1,5,16,-41,-21,17,-12,-32,16,-15,7,0,-2,0,2,-2,2,-1,-1,-2,-3,-2,3,-1,-4,-1,-1,-2,0,0,0,0
Action_15,EMG4R,0,1,-2,-2,-2,-1,0,-2,-5,-27,52,-16,-55,-90,-81,-30,31,-1,13,-66,21,-17,10,-11,15,-1,3,0,27,-20,-5,2,-2,0,-3,-1,-6,3,3,-7,-4,-1,2,-5,0,0,0,0
Action_15,EMG5R,0,1,1,1,-6,0,-1,3,10,-66,23,-14,-37,-18,-4,28,-19,37,15,-17,-9,22,51,2,-8,27,-11,6,60,-27,-8,8,-19,-4,-33,-4,-5,5,6,-11,-10,-11,-6,7,0,0,0,0
Action_15,EMG6R,-6,3,8,0,5,1,-3,-19,24,-69,-75,6,-79,1,-1,29,6,-13,84,3,-50,42,14,12,6,29,1,7,31,13,5,12,-18,-2,15,-1,-9,-10,4,-12,8,3,3,-3,0,0,0,0
Action_15,EMG7R,1,7,3,1,0,-2,-4,-30,0,5,-27,33,-50,-73,19,36,31,-113,45,-62,20,-18,7,-10,-13,10,23,-14,-6,-4,-3,3,-4,1,-4,-4,2,-2,-4,2,-1,1,-2,0,0,0,0,0
Action_15,GLX,-0.4375,0.8125,0.5625,0.0625,-0.375,-0.6875,-1.5625,-1.0625,22.6875,20.625,87.875,7.5625,-32.5,-29.1875,-14.1875,-4,5.125,16.6875,8.25,22.5625,-103.4375,62.375,12.375,-10.5625,-3.625,-0.8125,-43.8125,-36.3125,-72.5625,-95.625,-48,-40.75,-73.9375,23.625,29,-0.5,-2.25,0.4375,-0.5625,2.5,-0.8125,-2.875,-3.9375,-5.25,0,0,0,0
Action_15,GLY,-0.4375,0.8125,0.5625,0.0625,-0.375,-0.6875,-1.5625,-1.0625,22.6875,20.625,87.875,7.5625,-32.5,-29.1875,-14.1875,-4,5.125,16.6875,8.25,22.5625,-103.4375,62.375,12.375,-10.5625,-3.625,-0.8125,-43.8125,-36.3125,-72.5625,-95.625,-48,-40.75,-73.9375,23.625,29,-0.5,-2.25,0.4375,-0.5625,2.5,-0.8125,-2.875,-3.9375,-5.25,0,0,0,0
Action_15,GLZ,-0.4375,0.8125,0.5625,0.0625,-0.375,-0.6875,-1.5625,-1.0625,22.6875,20.625,87.875,7.5625,-32.5,-29.1875,-14.1875,-4,5.125,16.6875,8.25,22.5625,-103.4375,62.375,12.375,-10.5625,-3.625,-0.8125,-43.8125,-36.3125,-72.5625,-95.625,-48,-40.75,-73.9375,23.625,29,-0.5,-2.25,0.4375,-0.5625,2.5,-0.8125,-2.875,-3.9375,-5.25,0,0,0,0
Action_15,GRX,-0.6875,0,-0.625,-0.8125,-1.8125,-1.125,0.0625,-8.625,-73.6875,-10.5,-34.3125,16.3125,41.8125,40.3125,4.25,-7.375,1.6875,-12.6875,-72.875,33.5,-27.5,-23.5625,11.25,15.4375,5.875,34.1875,-35.125,27,133.6875,-93.8125,-25.3125,139.3125,14.1875,-66.125,11.25,13.875,-10.0625,-8.125,8.8125,5.4375,1.6875,1.125,-7.375,-1.1875,0,0,0,0
Action_15,GRY,-0.6875,0,-0.625,-0.8125,-1.8125,-1.125,0.0625,-8.625,-73.6875,-10.5,-34.3125,16.3125,41.8125,40.3125,4.25,-7.375,1.6875,-12.6875,-72.875,33.5,-27.5,-23.5625,11.25,15.4375,5.875,34.1875,-35.125,27,133.6875,-93.8125,-25.3125,139.3125,14.1875,-66.125,11.25,13.875,-10.0625,-8.125,8.8125,5.4375,1.6875,1.125,-7.375,-1.1875,0,0,0,0
Action_15,GRZ,-0.6875,0,-0.625,-0.8125,-1.8125,-1.125,0.0625,-8.625,-73.6875,-10.5,-34.3125,16.3125,41.8125,40.3125,4.25,-7.375,1.6875,-12.6875,-72.875,33.5,-27.5,-23.5625,11.25,15.4375,5.875,34.1875,-35.125,27,133.6875,-93.8125,-25.3125,139.3125,14.1875,-66.125,11.25,13.875,-10.0625,-8.125,8.8125,5.4375,1.6875,1.125,-7.375,-1.1875,0,0,0,0
Action_15,ORL,2.864078,2.864488,2.866785,2.866785,2.866785,2.866785,2.865678,2.86129,2.852692,2.883722,3.047528,3.074048,3.04171,3.002106,2.976452,2.978156,2.996313,3.013948,3.025297,3.091597,2.914699,2.921121,2.92814,2.921139,2.938645,2.93343,2.876035,2.807124,2.794442,2.738305,2.548543,2.705863,2.67738,2.691623,2.718714,2.713104,2.719339,2.718481,2.721552,2.724311,2.739678,2.740685,2.741134,2.739915,0,0,0,0
Action_15,OPL,3.213786,3.213575,3.213665,3.213665,3.213665,3.213665,3.213684,3.215746,3.24762,3.371531,3.744449,4.174565,4.64148,5.007127,5.082835,5.11566,5.13608,5.162481,5.213333,5.032025,4.409148,4.064845,4.026291,4.022451,3.994053,3.926869,3.82754,3.698308,3.417376,3.220578,3.227018,3.237142,3.223377,3.2217,3.229333,3.236783,3.236457,3.226485,3.222465,3.22295,3.227441,3.227407,3.226476,3.22714,0,0,0,0
Action_15,OYL,8.219566,8.220176,8.21864,8.21864,8.21864,8.21864,8.218977,8.221594,8.248293,8.263203,8.278602,8.319861,8.347472,8.40275,8.432533,8.43903,8.433559,8.423282,8.397798,8.437074,8.608602,8.602563,8.609885,8.590195,8.569917,8.554598,8.564788,8.543604,8.532239,8.424307,8.491844,8.471074,8.37376,8.34548,8.384287,8.392056,8.382769,8.385829,8.370742,8.369364,8.351076,8.348417,8.340775,8.333742,0,0,0,0
Action_15,ORR,6.851635,6.851635,6.852035,6.851885,6.850251,6.848912,6.846647,6.857669,6.771569,6.682689,6.683974,6.721445,6.792257,6.846568,6.875537,6.866,6.862907,6.844336,6.740009,6.701791,6.682684,6.666413,6.679799,6.695813,6.676333,6.67731,6.671346,6.637908,6.722713,6.991486,6.764249,6.814085,6.977475,6.883622,6.865338,6.879446,6.912546,6.892677,6.907691,6.920762,6.925914,6.940244,6.936482,6.920957,0,0,0,0
Action_15,OPR,3.186388,3.186388,3.186295,3.186381,3.186583,3.187186,3.188104,3.189718,3.254116,3.583458,4.023122,4.704507,5.075947,5.191561,5.195892,5.20566,5.235944,5.256491,5.186783,4.606883,4.07448,3.977417,3.985873,3.961383,3.917667,3.847898,3.757628,3.545595,3.3298,3.20137,3.219712,3.212796,3.209826,3.215111,3.217895,3.219709,3.227796,3.232721,3.23146,3.228685,3.226882,3.223909,3.226579,3.229419,0,0,0,0
Action_15,OYR,9.130788,9.130788,9.130256,9.130123,9.130822,9.130154,9.130879,9.115682,9.127862,9.14449,9.078223,8.951047,8.897984,8.909554,8.907341,8.905087,8.915812,8.915156,8.878783,8.831735,8.801782,8.803902,8.776159,8.812819,8.84381,8.896092,8.902235,8.909768,9.016397,8.976963,9.005732,9.097777,9.065263,9.041977,9.034222,9.036942,9.015594,9.011607,9.007112,9.007449,9.004718,8.996045,8.990435,8.992924,0,0,0,0
Action_16,ALX,0.8974609,0.9008789,0.8964844,0.8935547,0.8886719,0.9160156,0.8730469,0.847168,0.6240234,0.2685547,0.07275391,0.2353516,-0.04248047,-0.1777344,-0.1713867,-0.1879883,-0.1240234,-0.09570313,0.190918,-0.2851563,0.7045898,0.3789063,0.487793,0.6743164,0.628418,0.765625,0.6499023,0.8725586,1.090332,0.6025391,0.9487305,0.871582,0.8286133,0.8994141,0.902832,0.8764648,0.8862305,0.9013672,0.887207,0.8857422,0.8818359,0.8881836,0.8842773,0.8789063,0,0,0,0
Action_16,ALY,-0.4272461,-0.4316406,-0.4316406,-0.4379883,-0.480957,-0.6445313,-0.690918,-0.9243164,-0.8862305,-0.7543945,-0.5556641,-0.7167969,-0.8310547,-0.9824219,-1.019043,-0.987793,-0.9516602,-0.9169922,-0.2114258,0.03466797,-1.700195,-1.22168,-0.9555664,-0.6416016,-0.5864258,-0.6245117,-0.5415039,-0.362793,-0.3168945,-2.450684,0.1308594,-0.1191406,-0.6538086,-0.4311523,-0.4667969,-0.4448242,-0.4150391,-0.449707,-0.4365234,-0.4423828,-0.4467773,-0.4433594,-0.4360352,-0.4633789,0,0,0,0
Action_16,ALZ,0.08056641,0.08740234,0.08984375,0.08544922,0.07080078,-0.01757813,0.1352539,0.2729492,0.4726563,0.3930664,0.2802734,0.3920898,0.3574219,0.3295898,0.3349609,0.3984375,0.3027344,0.3818359,0.2285156,0.06152344,0.4931641,0.1855469,0.3139648,0.2753906,0.2460938,0.2207031,0.3808594,0.1757813,0.128418,-0.3334961,0.001464844,0.315918,0.112793,0.03613281,0.07861328,0.1801758,0.1186523,0.1079102,0.1181641,0.1425781,0.1230469,0.1367188,0.1342773,0.1259766,0,0,0,0
Action_16,ARX,0.8813477,0.8808594,0.8779297,0.890625,1.013672,1.02002,0.8466797,0.4780273,0.2641602,-0.07128906,0.1982422,0.01611328,-0.2226563,-0.2255859,-0.1572266,-0.125,-0.09472656,-0.1357422,-0.4335938,1.959473,0.5683594,0.3647461,0.6420898,0.6225586,0.6508789,0.6303711,0.6772461,0.9741211,1.160645,0.8393555,0.8422852,0.8500977,0.9052734,0.8818359,0.8583984,0.8979492,0.8862305,0.8759766,0.8862305,0.8886719,0.8823242,0.8808594,0.8828125,0.8876953,0,0,0,0
Action_16,ARY,0.3901367,0.3896484,0.3950195,0.4199219,0.4594727,0.6171875,0.8789063,0.8369141,0.7583008,0.6225586,0.5766602,0.809082,0.878418,0.9350586,0.9243164,0.8745117,0.8061523,0.4575195,0.04833984,0.6538086,1.286621,0.9301758,0.5307617,0.5605469,0.515625,0.5571289,0.4511719,0.4038086,0.375,0.5625,0.2275391,0.3012695,0.4355469,0.3491211,0.4277344,0.394043,0.371582,0.387207,0.3916016,0.3823242,0.3925781,0.3823242,0.3959961,0.394043,0,0,0,0
Action_16,ARZ,0.1650391,0.1640625,0.1625977,0.137207,0.1210938,0.1894531,0.5058594,0.5825195,0.5517578,0.28125,0.3984375,0.4814453,0.4233398,0.3847656,0.4228516,0.3813477,0.4321289,0.4262695,-0.02490234,0.4711914,0.4648438,0.4624023,0.371582,0.4169922,0.3657227,0.3222656,0.3603516,0.2866211,0.2138672,0.5136719,0.3554688,0.2348633,-0.007324219,0.2202148,0.2470703,0.1298828,0.1699219,0.1948242,0.159668,0.1787109,0.1601563,0.1801758,0.1723633,0.159668,0,0,0,0
Action_16,EMG0L,5,-5,-16,-29,11,-14,-9,15,0,-45,-12,-62,-67,-13,25,-12,-32,-15,-50,39,57,-16,-15,4,24,-7,20,20,1,4,0,2,0,-1,-3,-12,2,1,2,5,-11,-3,0,-18,0,0,0,0
Action_16,EMG1L,4,6,-29,-35,3,8,-33,-6,-49,-1,-14,-39,-17,-24,47,-19,-4,-31,2,33,57,42,-25,-19,-23,-4,7,20,20,14,-5,-3,-7,-2,1,-13,25,-5,2,6,-2,-7,0,-8,0,0,0,0
Action_16,EMG2L,0,-2,-2,-4,-3,3,-15,-5,-9,36,-41,-24,-55,-14,-47,-42,-22,-19,-4,-25,101,-25,-11,-74,-14,10,-3,-4,3,10,1,1,-2,-2,-1,-1,7,-3,-2,-1,-3,-2,-1,-1,0,0,0,0
Action_16,EMG3L,-2,-3,0,-3,0,-6,0,9,-5,29,-44,46,-36,-27,-41,-45,0,6,9,127,-76,-57,-3,-23,-31,36,-8,-7,-3,-2,5,1,-2,-4,-4,-2,0,0,-2,-1,-2,-1,-1,2,0,0,0,0
Action_16,EMG4L,-2,-3,6,-1,2,-4,4,3,-17,-25,10,-7,5,9,-10,-29,-2,1,9,2,-12,1,34,0,-19,13,-5,-8,-7,1,-1,0,-1,-1,-2,-2,0,-4,-2,-3,-1,2,0,-1,0,0,0,0
Action_16,EMG5L,-1,-4,16,3,-1,-7,5,2,-11,-36,17,-3,-22,13,7,-52,-49,-2,-31,-16,-7,-31,28,-9,-20,3,1,-32,-4,-9,4,2,-3,0,1,1,1,-1,-5,-3,-1,1,-1,-4,0,0,0,0
Action_16,EMG6L,0,-3,5,2,8,2,-13,8,9,-23,36,-54,-82,7,21,-31,-13,-2,-23,29,-20,-35,0,4,-12,6,16,-58,-2,-26,17,6,-4,-3,-4,3,-1,0,-2,-8,-1,0,0,-2,0,0,0,0
Action_16,EMG7L,-1,-2,-8,3,-9,6,13,23,9,76,-12,-108,-23,-34,26,-97,-85,-14,-55,-89,102,58,-58,-2,12,-2,1,-28,6,-6,10,0,-7,-7,1,-2,0,0,-1,-6,-4,-1,0,-3,0,0,0,0
Action_16,EMG0R,0,-3,-2,-2,-10,11,4,13,9,-4,-14,25,11,-17,2,-14,5,44,-3,-25,-19,-44,42,-6,69,-4,-33,-18,-10,-3,0,5,-8,-16,-18,4,9,7,-12,-15,-8,-2,-1,22,0,0,0,0
Action_16,EMG1R,-4,-1,0,-11,-6,11,6,23,-2,-3,3,-10,24,-3,3,10,-4,-49,14,-1,-10,-5,18,13,-11,9,7,-17,-5,-8,0,2,2,-7,-4,1,3,3,-1,0,-1,-2,1,3,0,0,0,0
Action_16,EMG2R,-1,-2,-2,-4,-8,23,-5,-1,-6,-2,-7,8,2,14,4,11,0,-3,-38,29,-2,4,-15,6,-5,2,2,-5,-3,-4,-3,0,2,-1,-4,1,1,-1,-2,-1,-1,0,-1,0,0,0,0,0
Action_16,EMG3R,-1,-2,-2,-2,-4,-8,-6,-3,9,-1,16,-3,10,11,-25,-5,-10,10,22,93,-19,-20,-29,-3,1,-1,-5,10,-3,-2,-2,1,3,-2,0,0,-2,1,-1,-1,0,-3,-1,-1,0,0,0,0
Action_16,EMG4R,-2,-1,-2,-1,-2,-2,-8,-16,14,-16,-68,-120,-13,12,-20,-44,-17,22,-128,110,-88,-18,-6,-19,28,-15,-6,-16,1,-1,2,-7,-3,-3,2,-2,-3,-2,2,-2,20,-6,2,-11,0,0,0,0
Action_16,EMG5R,-3,3,-3,-1,-9,3,-16,-13,-23,-34,6,-17,-31,11,-11,-5,11,46,-47,70,-19,-21,0,-22,-6,-15,5,-80,-5,7,3,-2,8,4,-29,-7,6,12,-10,-5,-5,-12,4,13,0,0,0,0
Action_16,EMG6R,-2,-4,0,7,-13,-11,-12,30,28,3,-11,61,0,24,14,-39,10,31,47,20,-35,-60,-65,16,8,-10,-2,-27,3,1,-11,7,1,9,-12,-26,-3,-11,4,-9,-12,0,3,6,0,0,0,0
Action_16,EMG7R,-4,-5,-5,10,-17,-3,16,-2,102,-35,53,26,-48,5,-7,20,37,54,-15,-43,-17,22,9,7,1,6,-9,-3,-12,-8,-5,-1,2,0,-5,-2,-4,2,-5,1,-6,0,2,1,0,0,0,0
Action_16,GLX,0.125,0.8125,-1.0625,-1.875,6.5,16.625,56.4375,102.875,-5.3125,-20.125,-13.625,-21.8125,2.1875,2.9375,4.4375,-2.625,-2.75,-4.1875,32.9375,17.9375,15.8125,5.6875,-14.0625,1.6875,-14.0625,-20.375,25.375,-29.6875,-157.875,-109,76.125,-90.3125,1.375,52.25,-13.8125,-10.5,1,-7.1875,3.125,-3.875,-3.9375,2.125,-1.6875,2.3125,0,0,0,0
Action_16,GLY,0.125,0.8125,-1.0625,-1.875,6.5,16.625,56.4375,102.875,-5.3125,-20.125,-13.625,-21.8125,2.1875,2.9375,4.4375,-2.625,-2.75,-4.1875,32.9375,17.9375,15.8125,5.6875,-14.0625,1.6875,-14.0625,-20.375,25.375,-29.6875,-157.875,-109,76.125,-90.3125,1.375,52.25,-13.8125,-10.5,1,-7.1875,3.125,-3.875,-3.9375,2.125,-1.6875,2.3125,0,0,0,0
Action_16,GLZ,0.125,0.8125,-1.0625,-1.875,6.5,16.625,56.4375,102.875,-5.3125,-20.125,-13.625,-21.8125,2.1875,2.9375,4.4375,-2.625,-2.75,-4.1875,32.9375,17.9375,15.8125,5.6875,-14.0625,1.6875,-14.0625,-20.375,25.375,-29.6875,-157.875,-109,76.125,-90.3125,1.375,52.25,-13.8125,-10.5,1,-7.1875,3.125,-3.875,-3.9375,2.125,-1.6875,2.3125,0,0,0,0
Action_16,GRX,-0.8125,-1.4375,0.5,-4.1875,-29.8125,-56.75,-12.0625,6.625,25.125,39.625,29.75,10.875,-8.375,1.875,7.3125,7.5,-4,-38.4375,-31.9375,-35.25,-17.8125,-3.9375,9.3125,11.0625,21.4375,-31.1875,-18.375,55.25,142.875,-134.1875,60.75,39.1875,-25.1875,-46.1875,14.625,12.5,-17.9375,-0.0625,5.125,1.0625,-1.6875,3.0625,1.3125,-1.1875,0,0,0,0
Action_16,GRY,-0.8125,-1.4375,0.5,-4.1875,-29.8125,-56.75,-12.0625,6.625,25.125,39.625,29.75,10.875,-8.375,1.875,7.3125,7.5,-4,-38.4375,-31.9375,-35.25,-17.8125,-3.9375,9.3125,11.0625,21.4375,-31.1875,-18.375,55.25,142.875,-134.1875,60.75,39.1875,-25.1875,-46.1875,14.625,12.5,-17.9375,-0.0625,5.125,1.0625,-1.6875,3.0625,1.3125,-1.1875,0,0,0,0
Action_16,GRZ,-0.8125,-1.4375,0.5,-4.1875,-29.8125,-56.75,-12.0625,6.625,25.125,39.625,29.75,10.875,-8.375,1.875,7.3125,7.5,-4,-38.4375,-31.9375,-35.25,-17.8125,-3.9375,9.3125,11.0625,21.4375,-31.1875,-18.375,55.25,142.875,-134.1875,60.75,39.1875,-25.1875,-46.1875,14.625,12.5,-17.9375,-0.0625,5.125,1.0625,-1.6875,3.0625,1.3125,-1.1875,0,0,0,0
Action_16,ORL,2.811386,2.811386,2.811687,2.809886,2.809893,2.826003,2.934451,3.092402,3.150331,3.110676,3.089974,3.067322,3.069243,3.077873,3.07821,3.074881,3.072743,3.066887,3.140094,3.151493,2.967117,2.94813,2.922114,2.927551,2.936989,2.917971,2.977808,3.010321,2.985481,2.753997,3.002449,3.022257,2.991574,3.024011,2.99458,2.99497,3.002286,2.989191,2.987977,2.984395,2.981472,2.97575,2.975007,2.970139,0,0,0,0
Action_16,OPL,3.218707,3.218707,3.2198,3.221279,3.226995,3.275298,3.402031,3.646785,4.297987,4.744832,5.069543,5.150547,5.162174,5.164748,5.173936,5.193715,5.219649,5.231274,5.135411,5.02497,4.016113,3.905455,3.93994,3.968816,3.97727,3.895998,3.770482,3.587063,3.302961,3.218001,3.229123,3.20709,3.203881,3.21317,3.21403,3.220515,3.224108,3.223511,3.230583,3.233708,3.237825,3.243522,3.244936,3.247491,0,0,0,0
Action_16,OYL,8.174929,8.174929,8.175166,8.174878,8.177787,8.168524,8.136135,8.148911,8.188283,8.208169,8.21404,8.214464,8.230309,8.233649,8.23306,8.228924,8.235734,8.236271,8.254077,8.272147,8.47083,8.531033,8.544137,8.52864,8.503526,8.476477,8.451088,8.43599,8.233503,8.132707,8.18786,8.082391,7.984945,8.031965,8.064291,8.039401,8.033874,8.0368,8.044217,8.043741,8.042513,8.046763,8.047591,8.050899,0,0,0,0
Action_16,ORR,6.870491,6.870532,6.869788,6.871699,6.854025,6.698089,6.630037,6.647346,6.688124,6.754243,6.805424,6.832317,6.815231,6.813332,6.828294,6.843403,6.839633,6.788146,6.697558,6.71759,6.634442,6.646034,6.666525,6.682553,6.696445,6.693642,6.655164,6.691511,6.734373,6.696601,6.687817,6.660477,6.815946,6.760659,6.73767,6.789527,6.784989,6.776681,6.791547,6.794572,6.80152,6.799225,6.804947,6.809,0,0,0,0
Action_16,OPR,3.209684,3.210696,3.211169,3.212963,3.230742,3.37852,3.66337,4.242548,4.717096,5.104818,5.236625,5.20185,5.201764,5.216411,5.220633,5.226839,5.231653,5.207488,4.907156,4.307537,3.944309,3.96741,3.998913,3.990459,3.943601,3.828194,3.666371,3.446676,3.238952,3.227693,3.223022,3.218324,3.213006,3.218428,3.220965,3.215339,3.216377,3.21852,3.215059,3.216692,3.218615,3.21965,3.219778,3.219678,0,0,0,0
Action_16,OYR,9.047055,9.045788,9.045699,9.04136,9.025607,9.069279,9.111462,9.065163,9.005106,8.943403,8.916716,8.911028,8.901263,8.891807,8.895954,8.901932,8.923368,8.934578,8.910181,8.825562,8.83282,8.811541,8.790752,8.81758,8.844984,8.840816,8.841249,8.855486,9.036615,9.02503,9.113092,9.214175,9.1019,9.065171,9.080988,9.070068,9.058,9.056019,9.055404,9.054164,9.045646,9.051098,9.050347,9.04394,0,0,0,0
Action_17,ALX,0.4956055,0.3110352,0.05371094,-0.1035156,0.006347656,-0.3549805,-0.08789063,-0.1918945,-0.1855469,-0.1176758,0.1293945,1.23877,1.245605,0.3774414,0.7192383,0.7055664,0.6806641,0.9233398,0.8452148,0.9228516,1.054199,0.4526367,0.8344727,0.8686523,0.9228516,0.9335938,0.8994141,0.8779297,0.9042969,0.9003906,0.9047852,0.894043,0.9008789,0.9052734,0.9023438,0.9047852,0.90625,0.890625,0.894043,0.9013672,0.9121094,0.8916016,0.9013672,0.8974609,0,0,0,0
Action_17,ALY,-0.8896484,-0.7895508,-0.6137695,-0.7773438,-1.048828,-0.8427734,-1.029297,-0.9423828,-0.9228516,-0.6645508,-0.4101563,-0.78125,-1.882813,-1.283691,-0.762207,-0.6831055,-0.5698242,-0.5488281,-0.4375,-0.3886719,-0.284668,-1.806152,-0.1850586,-0.2358398,-0.4277344,-0.3862305,-0.4780273,-0.4418945,-0.4243164,-0.4194336,-0.4467773,-0.4199219,-0.4370117,-0.4145508,-0.4277344,-0.4189453,-0.4155273,-0.4262695,-0.4223633,-0.4160156,-0.4316406,-0.4160156,-0.4169922,-0.4213867,0,0,0,0
Action_17,ALZ,0.5014648,0.4389648,0.3383789,0.2670898,0.6518555,0.234375,0.2617188,0.3378906,0.3364258,0.2788086,0.3134766,0.4628906,0.2055664,0.2509766,0.05029297,0.1796875,0.1826172,0.09814453,0.1796875,0.171875,0.1391602,-0.1479492,-0.04443359,0.1704102,0.1557617,0.03759766,0.06542969,0.112793,0.1064453,0.08398438,0.09570313,0.08251953,0.07910156,0.08300781,0.09423828,0.06835938,0.06591797,0.1074219,0.09667969,0.078125,0.07861328,0.09179688,0.1040039,0.09667969,0,0,0,0
Action_17,ARX,0.06640625,-0.003417969,-0.1025391,0.07714844,-0.2207031,-0.2548828,-0.1923828,-0.2021484,-0.1469727,-0.01416016,-0.515625,2.765625,0.09375,0.9887695,0.3955078,0.6264648,-0.1020508,0.6865234,0.6777344,0.3574219,1.307129,0.9638672,0.472168,0.8950195,0.9399414,0.9248047,0.8549805,0.8974609,0.9160156,0.8989258,0.8896484,0.9018555,0.8945313,0.8989258,0.8959961,0.9042969,0.8920898,0.8969727,0.8994141,0.9003906,0.9023438,0.8920898,0.8969727,0.9013672,0,0,0,0
Action_17,ARY,0.6918945,0.6567383,0.5786133,0.815918,0.987793,0.9238281,0.9086914,0.8984375,0.7382813,0.3730469,0.2719727,0.6899414,0.9204102,1.197266,0.6508789,0.5395508,0.4038086,0.5019531,0.3383789,0.2260742,0.6191406,0.5400391,0.1860352,0.3813477,0.3007813,0.3227539,0.3935547,0.324707,0.3745117,0.355957,0.3515625,0.3647461,0.3486328,0.3486328,0.3579102,0.355957,0.3544922,0.359375,0.3569336,0.3637695,0.3657227,0.3564453,0.362793,0.3608398,0,0,0,0
Action_17,ARZ,0.5175781,0.4663086,0.3413086,0.5371094,0.5522461,0.3779297,0.409668,0.440918,0.4384766,0.3774414,0.2612305,0.3754883,0.7001953,1.067871,0.1289063,0.4257813,0.1376953,0.3222656,-0.1020508,-0.253418,0.2099609,0.6523438,0.2348633,0.203125,-0.02441406,0.1342773,0.2270508,0.1821289,0.09179688,0.1542969,0.1723633,0.1308594,0.1523438,0.1694336,0.1518555,0.1625977,0.1523438,0.1503906,0.1557617,0.1645508,0.1640625,0.1464844,0.1542969,0.1503906,0,0,0,0
Action_17,EMG0L,8,-58,-37,-9,26,-21,-33,3,4,73,30,-40,-50,-39,-2,-7,-66,-40,-19,-4,-5,-6,-2,15,5,0,2,4,2,-6,3,-12,8,1,-1,-2,-1,-1,4,16,0,-4,-5,1,0,0,0,0
Action_17,EMG1L,10,-5,-59,9,62,4,6,-4,-15,16,5,-27,-9,-47,22,-3,-9,-60,-2,-6,6,10,-13,-13,5,5,-10,2,2,1,5,2,4,-4,4,0,8,0,24,6,-7,0,3,2,0,0,0,0
Action_17,EMG2L,9,-14,-1,-128,50,59,-13,-63,19,11,16,-112,-55,-68,27,-24,-8,-9,1,0,-7,24,1,-6,1,1,-2,-5,3,1,6,-1,2,-2,-1,-2,1,0,-1,-1,-4,0,0,2,0,0,0,0
Action_17,EMG3L,-3,9,-51,-16,127,-9,-18,3,-10,21,10,-109,11,-48,-5,-7,5,29,-6,-1,2,18,10,-3,-2,-1,-3,-1,1,-1,2,1,-1,-3,-1,0,-4,-2,-3,54,-6,-1,-1,0,0,0,0,0
Action_17,EMG4L,3,8,-21,-10,-28,-8,-1,-14,-1,-1,-8,10,-34,17,-15,5,-15,0,5,5,3,1,-3,-3,-1,0,-2,-1,0,0,-2,2,-2,-1,-1,-3,1,-2,-2,0,-1,3,1,-1,0,0,0,0
Action_17,EMG5L,9,6,-27,-17,39,9,-1,11,20,6,0,12,-38,26,5,18,-21,2,16,13,9,2,3,-4,0,0,-2,-1,0,0,-3,-1,0,0,-1,0,-2,-2,-2,0,-2,-1,0,0,0,0,0,0
Action_17,EMG6L,8,7,-42,-22,75,-11,41,-8,-7,13,-24,84,20,-7,-32,9,14,3,47,55,13,-3,12,-1,-4,-4,0,-1,-1,0,-4,4,-1,1,3,0,1,-2,-2,2,1,2,1,1,0,0,0,0
Action_17,EMG7L,15,3,-80,-11,78,-38,54,-48,-30,-10,-22,50,-74,-9,-6,1,1,5,15,8,13,-2,9,-5,2,-1,-1,3,-1,0,-2,0,-1,2,-1,1,1,-3,2,6,1,1,0,-2,0,0,0,0
Action_17,EMG0R,4,-10,-22,62,-59,8,33,-3,-18,-39,0,-1,-18,-11,-55,-47,-3,-2,-90,-14,20,-18,-4,-32,8,-2,0,-3,-8,10,-4,-7,-23,1,-10,-3,-12,12,1,3,-10,-7,16,16,0,0,0,0
Action_17,EMG1R,0,1,-2,15,-10,-14,27,-7,5,-14,-2,0,-38,6,-4,-8,3,5,-17,-9,2,-6,6,-6,-1,2,1,0,-4,1,1,0,-7,0,-3,0,-2,2,0,0,-2,0,1,2,0,0,0,0
Action_17,EMG2R,0,-1,-7,52,-4,-15,-3,6,1,-4,37,-18,-26,13,-9,-3,-8,7,-1,-5,2,-2,1,-1,-2,-1,2,0,2,2,-1,0,0,1,-3,-2,-1,0,-1,-1,-1,0,0,0,0,0,0,0
Action_17,EMG3R,2,-1,-13,4,20,32,-7,-10,2,-2,17,11,-22,3,-24,-31,0,9,3,4,1,-2,-1,-1,-2,1,-2,1,-3,-2,0,-3,0,0,-2,1,-2,2,-1,-1,-1,1,0,-1,0,0,0,0
Action_17,EMG4R,0,21,-8,-42,26,33,79,15,-85,-58,42,56,37,-24,-9,26,-9,-1,0,12,11,-2,-1,3,-3,-4,-4,3,-2,-9,2,-6,-2,-1,-2,-1,-4,3,0,5,-1,-2,-4,2,0,0,0,0
Action_17,EMG5R,-11,-13,-24,29,44,-13,-27,-17,5,-15,28,6,-23,-13,18,-73,-16,-2,22,-1,-5,4,-19,13,-4,-9,-8,-2,4,1,-5,-8,5,-1,2,-2,-5,3,9,11,-4,-1,-3,-2,0,0,0,0
Action_17,EMG6R,-3,14,-48,75,22,21,-8,-43,-20,1,-3,-34,-1,-6,1,-45,-14,-8,1,-16,-30,2,16,7,-10,-1,-14,-12,-6,-1,2,4,7,14,6,-6,5,1,5,-1,-1,6,0,-2,0,0,0,0
Action_17,EMG7R,4,-58,-65,54,-39,-71,-1,-60,27,-33,116,-84,-12,22,16,-24,-16,11,1,-7,-8,1,4,-2,1,1,-5,0,-2,0,1,0,0,0,0,-5,-4,1,1,-2,-3,-1,0,-3,0,0,0,0
Action_17,GLX,-20.5,-13.3125,-46.8125,-34,-22.25,11.625,10.25,-1.875,4.375,20.4375,16.875,-164.125,62.625,-44,-0.375,5.625,-11.4375,-20.9375,-5.625,7.5,-100.125,-14.6875,143.75,-102.4375,-41.75,19.25,-18.9375,2.6875,-10.3125,1.5,-3.5,-5.0625,-4.9375,-2.5,-3.9375,-3.5,-7.1875,-2.0625,-0.3125,2.125,-4.25,2.5625,-0.3125,-0.75,0,0,0,0
Action_17,GLY,-20.5,-13.3125,-46.8125,-34,-22.25,11.625,10.25,-1.875,4.375,20.4375,16.875,-164.125,62.625,-44,-0.375,5.625,-11.4375,-20.9375,-5.625,7.5,-100.125,-14.6875,143.75,-102.4375,-41.75,19.25,-18.9375,2.6875,-10.3125,1.5,-3.5,-5.0625,-4.9375,-2.5,-3.9375,-3.5,-7.1875,-2.0625,-0.3125,2.125,-4.25,2.5625,-0.3125,-0.75,0,0,0,0
Action_17,GLZ,-20.5,-13.3125,-46.8125,-34,-22.25,11.625,10.25,-1.875,4.375,20.4375,16.875,-164.125,62.625,-44,-0.375,5.625,-11.4375,-20.9375,-5.625,7.5,-100.125,-14.6875,143.75,-102.4375,-41.75,19.25,-18.9375,2.6875,-10.3125,1.5,-3.5,-5.0625,-4.9375,-2.5,-3.9375,-3.5,-7.1875,-2.0625,-0.3125,2.125,-4.25,2.5625,-0.3125,-0.75,0,0,0,0
Action_17,GRX,39.4375,49.875,31.625,27.75,4.5,-5.4375,-0.8125,1.25,-8.0625,-23.0625,-28.3125,-54.75,1,-25.625,24.6875,13.875,50.75,6.4375,14.5,125.25,97.75,-198.0625,57.5625,46.5,13.9375,-71.4375,16.6875,-13.3125,13.9375,-7.375,2.1875,3.75,-4.25,1.75,-1.875,-1.25,-0.875,-1.75,0.1875,0.3125,-0.5625,1.125,0.125,1.6875,0,0,0,0
Action_17,GRY,39.4375,49.875,31.625,27.75,4.5,-5.4375,-0.8125,1.25,-8.0625,-23.0625,-28.3125,-54.75,1,-25.625,24.6875,13.875,50.75,6.4375,14.5,125.25,97.75,-198.0625,57.5625,46.5,13.9375,-71.4375,16.6875,-13.3125,13.9375,-7.375,2.1875,3.75,-4.25,1.75,-1.875,-1.25,-0.875,-1.75,0.1875,0.3125,-0.5625,1.125,0.125,1.6875,0,0,0,0
Action_17,GRZ,39.4375,49.875,31.625,27.75,4.5,-5.4375,-0.8125,1.25,-8.0625,-23.0625,-28.3125,-54.75,1,-25.625,24.6875,13.875,50.75,6.4375,14.5,125.25,97.75,-198.0625,57.5625,46.5,13.9375,-71.4375,16.6875,-13.3125,13.9375,-7.375,2.1875,3.75,-4.25,1.75,-1.875,-1.25,-0.875,-1.75,0.1875,0.3125,-0.5625,1.125,0.125,1.6875,0,0,0,0
Action_17,ORL,3.187849,3.145697,3.068466,3.010723,2.986539,3.01256,3.011428,3.016284,3.015977,3.043772,3.071184,2.875779,2.804883,2.815595,2.840917,2.827396,2.822697,2.781223,2.784592,2.823033,2.813619,2.75464,2.873353,2.860095,2.814232,2.853962,2.830492,2.837677,2.836893,2.838982,2.831897,2.83678,2.823171,2.821307,2.815638,2.813474,2.806767,2.808958,2.814864,2.818108,2.813428,2.816855,2.821708,2.821888,0,0,0,0
Action_17,OPL,4.283884,4.71231,5.153574,5.291546,5.177949,5.248694,5.2672,5.290345,5.321867,5.296122,5.113221,4.253741,3.909945,3.807437,3.835719,3.834235,3.798499,3.726877,3.616308,3.463351,3.221902,3.103657,3.192222,3.188669,3.19232,3.191875,3.197145,3.210307,3.206827,3.204801,3.205569,3.206775,3.20638,3.20541,3.205267,3.205406,3.203646,3.204594,3.206285,3.206882,3.207581,3.208119,3.209753,3.209885,0,0,0,0
Action_17,OYL,8.045207,8.062904,8.049617,8.062557,8.096548,8.095787,8.100801,8.069267,8.042205,8.054101,8.092241,8.260584,8.409262,8.375323,8.395123,8.391024,8.385239,8.392226,8.367192,8.367234,8.250335,8.142662,8.29691,8.226012,8.147903,8.167137,8.174532,8.158812,8.144873,8.141005,8.1443,8.138161,8.140241,8.139198,8.133837,8.129225,8.1254,8.109872,8.103195,8.102486,8.103557,8.101645,8.098643,8.096859,0,0,0,0
Action_17,ORR,6.603032,6.684985,6.75525,6.78645,6.808895,6.802635,6.797022,6.79147,6.777074,6.732183,6.682316,6.676118,6.603107,6.556116,6.610408,6.615649,6.663543,6.737319,6.799992,6.919146,6.973113,6.836156,6.840375,6.835729,6.966149,6.923438,6.86275,6.844133,6.895084,6.886053,6.86754,6.87658,6.870398,6.864249,6.861475,6.856514,6.854849,6.853559,6.852109,6.852165,6.854224,6.855278,6.855167,6.856011,0,0,0,0
Action_17,OPR,4.714996,5.111442,5.376918,5.293187,5.218142,5.24808,5.274662,5.294971,5.29331,5.161377,4.772576,4.230659,4.007591,3.988469,3.973407,3.954394,3.9174,3.782817,3.611798,3.398852,3.165155,3.153998,3.142334,3.144603,3.142177,3.150447,3.146134,3.162477,3.158264,3.159951,3.157614,3.156134,3.15593,3.155056,3.155299,3.156181,3.157805,3.158614,3.158901,3.158622,3.15881,3.158199,3.158056,3.158292,0,0,0,0
Action_17,OYR,8.995973,8.9795,8.958673,8.948071,8.932645,8.929937,8.950592,8.959826,8.959162,8.944672,8.927323,8.811969,8.839992,8.849074,8.821767,8.825486,8.850226,8.83101,8.772807,8.814258,9.077417,8.985617,8.974733,9.076094,8.975622,8.931369,8.969646,8.975282,8.95188,8.952622,8.964446,8.967868,8.969662,8.975978,8.979488,8.982209,8.98339,8.982097,8.981236,8.981698,8.980933,8.981198,8.981492,8.981512,0,0,0,0
Action_18,ALX,0.8964844,0.8945313,0.8984375,0.8989258,0.8989258,0.8959961,0.8984375,0.8979492,0.8862305,1.037109,0.9082031,0.7514648,0.5327148,0.3203125,0.2929688,0.3569336,0.1606445,0.015625,0.02734375,-0.02441406,0.05029297,0.06933594,-0.4541016,1.157227,0.2910156,0.5039063,0.5756836,0.6162109,0.5703125,0.6147461,0.6274414,0.7705078,0.6245117,0.7705078,0.9360352,0.8525391,0.9033203,0.902832,0.8623047,0.8769531,0.8666992,0.8530273,0.871582,0.875,0,0,0,0
Action_18,ALY,-0.418457,-0.4360352,-0.4291992,-0.4272461,-0.4306641,-0.4321289,-0.4311523,-0.4516602,-0.4614258,-0.4609375,-0.6630859,-0.784668,-0.8305664,-0.9194336,-0.6420898,-0.7607422,-0.8320313,-0.9165039,-0.9599609,-0.9711914,-0.9638672,-0.7470703,-0.03662109,-1.078125,-1.257324,-0.9672852,-0.7797852,-0.7299805,-0.7583008,-0.7617188,-0.7172852,-0.6640625,-0.5913086,-0.4628906,-0.4912109,-1.608398,0.05664063,-0.2724609,-0.5834961,-0.4541016,-0.515625,-0.4672852,-0.4238281,-0.4858398,0,0,0,0
Action_18,ALZ,0.09667969,0.08837891,0.09570313,0.09130859,0.09521484,0.09423828,0.09179688,0.09423828,0.09423828,0.03955078,0.1103516,0.4160156,0.4511719,0.4067383,0.394043,0.4013672,0.3754883,0.3720703,0.3647461,0.3911133,0.3603516,0.3330078,-0.01855469,0.581543,0.1855469,0.2685547,0.2666016,0.2099609,0.2514648,0.246582,0.2553711,0.2709961,0.3779297,0.2197266,0.2236328,-0.1318359,0.1245117,0.2822266,0.1518555,0.08642578,0.1323242,0.171875,0.1645508,0.152832,0,0,0,0
Action_18,ARX,0.8901367,0.8867188,0.890625,0.8862305,0.8862305,0.8911133,0.8867188,0.9091797,0.9775391,0.8886719,0.8120117,0.5639648,0.2949219,0.1787109,0.2675781,0.3618164,0.04492188,-0.01611328,-0.03466797,0.02099609,0.01904297,-0.2246094,0.9487305,0.8085938,0.4194336,0.5454102,0.5390625,0.5336914,0.5830078,0.5751953,0.5898438,0.5893555,0.7529297,0.7817383,0.7558594,0.722168,0.7719727,0.9125977,0.8305664,0.8725586,0.8452148,0.8608398,0.8759766,0.8603516,0,0,0,0
Action_18,ARY,0.3764648,0.3735352,0.3740234,0.3735352,0.3735352,0.3745117,0.3798828,0.3974609,0.5097656,0.4052734,0.8754883,0.7382813,0.7661133,0.7524414,0.621582,0.6796875,0.8056641,0.8720703,0.8852539,0.8579102,0.7939453,0.5234375,0.6704102,1.439941,1.152832,0.7895508,0.6381836,0.7182617,0.7207031,0.6884766,0.6347656,0.6025391,0.2265625,0.5361328,0.9624023,0.4023438,0.3681641,0.4287109,0.4892578,0.3774414,0.4311523,0.4267578,0.3945313,0.4174805,0,0,0,0
Action_18,ARZ,0.1645508,0.1616211,0.159668,0.1650391,0.1538086,0.1630859,0.1547852,0.1240234,0.1474609,0.3320313,0.4619141,0.6118164,0.5810547,0.371582,0.4399414,0.5009766,0.4990234,0.4936523,0.4858398,0.5048828,0.5527344,0.2915039,0.402832,0.625,0.4438477,0.4160156,0.3652344,0.4106445,0.3896484,0.4140625,0.3945313,0.4145508,0.4682617,0.262207,-0.06591797,0.4741211,0.3583984,0.324707,0.09375,0.2543945,0.2709961,0.1958008,0.190918,0.2143555,0,0,0,0
Action_18,EMG0L,0,5,-7,-6,-4,-2,11,-4,2,10,13,-6,-104,105,113,-99,32,-20,47,24,7,31,22,-8,1,-1,-26,30,10,3,-14,-87,10,24,-29,-35,-4,10,-7,-8,-3,5,-5,-2,0,0,0,0
Action_18,EMG1L,1,-1,3,-1,6,2,-12,-2,2,-1,-5,31,-50,19,29,-12,12,51,26,-13,-41,-27,24,15,-14,36,19,-26,-36,20,30,-37,-24,29,3,-38,7,3,-9,8,-1,1,1,28,0,0,0,0
Action_18,EMG2L,-3,-3,-1,-1,5,2,1,-1,-1,2,-7,9,-50,-25,11,-25,-13,13,-12,6,-22,-26,85,60,-16,-8,61,-84,25,49,46,-13,0,-3,-9,20,7,-6,-2,0,-4,-1,-2,1,0,0,0,0
Action_18,EMG3L,-2,0,-2,0,0,1,2,2,0,2,0,-36,-44,10,8,24,-28,-20,-1,-12,-29,-2,71,-53,-48,36,9,28,-48,-18,-15,10,-1,1,-1,1,11,-1,-1,-2,-1,1,1,0,0,0,0,0
Action_18,EMG4L,2,-1,0,1,-2,-2,-1,0,5,-1,-9,-21,-24,12,22,-15,-9,-2,-3,-10,-10,-7,15,-52,-15,16,-16,27,-29,4,-9,2,1,1,-1,-2,0,-1,-1,0,-3,-1,0,2,0,0,0,0
Action_18,EMG5L,-2,-2,-2,0,1,-3,-2,-5,27,-16,4,-14,-4,16,51,-7,-21,2,-18,-12,-15,-1,56,73,-24,42,-22,7,-20,-9,3,-16,-9,3,2,-5,0,0,-1,1,-3,-1,0,2,0,0,0,0
Action_18,EMG6L,1,-4,1,-1,0,-1,-3,-2,24,-7,9,-6,24,6,54,-19,-9,-41,6,64,1,34,86,43,-64,-27,-15,-39,-26,4,12,-97,-12,3,9,-23,9,3,-6,-2,-5,-2,3,-1,0,0,0,0
Action_18,EMG7L,1,-3,1,0,1,0,-4,-2,6,14,0,-12,-108,4,67,-14,60,25,85,7,-1,51,11,38,-25,9,-62,-29,52,-8,15,-16,13,-4,-10,-11,7,1,-5,3,-3,2,-1,1,0,0,0,0
Action_18,EMG0R,3,4,9,-9,3,0,-31,1,20,28,15,-5,-3,-4,22,-57,38,-44,-7,1,17,2,-40,-29,1,-34,33,14,4,-112,-9,49,-39,22,-11,13,17,-35,-10,4,-6,-7,9,2,0,0,0,0
Action_18,EMG1R,1,2,-1,-1,0,-2,-11,0,11,18,3,6,-3,-9,21,-40,20,-6,22,-8,6,41,-35,-34,46,-13,1,7,0,-15,-32,10,-14,6,-12,2,6,-9,-2,0,-2,-1,0,-4,0,0,0,0
Action_18,EMG2R,-1,-2,-2,2,0,-2,-4,-5,7,6,-13,-10,4,-4,6,-7,15,-3,2,-4,1,8,-5,-27,59,0,2,3,-11,1,-15,4,-4,3,-5,0,0,-3,0,1,-3,-2,0,-2,0,0,0,0
Action_18,EMG3R,-1,-1,0,-2,0,-1,-2,-3,3,-2,3,2,12,-5,-7,2,9,-13,0,-5,-2,10,-57,-26,-2,-17,-17,-16,12,-23,-11,6,0,4,-2,-1,1,2,-2,-1,-3,-3,-1,-1,0,0,0,0
Action_18,EMG4R,-1,-1,-2,0,-1,0,-1,-1,-1,2,3,-4,41,-13,-10,-22,23,-59,-24,-8,38,-52,-33,43,13,7,-10,-41,21,-6,29,-2,11,-10,-7,-8,-1,18,-14,-6,-4,0,1,-1,0,0,0,0
Action_18,EMG5R,0,-4,-6,4,-1,0,-6,-3,-1,1,6,4,16,-2,-39,-50,6,-77,-28,-10,19,38,-53,67,32,-20,-27,22,10,0,4,-6,18,-19,-4,-4,3,-4,-7,-10,-31,0,-1,0,0,0,0,0
Action_18,EMG6R,-7,-1,2,9,0,2,-1,-1,-3,8,-18,88,-48,5,-13,-50,3,-24,12,33,47,40,5,22,21,-19,-69,8,22,16,25,-19,2,-34,11,-3,15,-19,14,8,0,0,8,-3,0,0,0,0
Action_18,EMG7R,-1,4,-2,-1,0,-1,-3,0,6,2,-22,28,5,69,-13,-81,77,-37,8,35,8,14,-59,-40,20,2,-69,-52,-82,2,-17,7,9,7,-6,2,-3,3,1,-2,-1,-1,1,2,0,0,0,0
Action_18,GLX,0.6875,0.125,-0.4375,0.875,1,0.75,-1.4375,-1.375,3.8125,91.125,78.625,19.5,-29.0625,-25.125,-16.1875,-5.5625,-6.625,10.4375,3.6875,-2.375,0.0625,9.375,-13.9375,4.875,-8.5625,3.875,-3.375,10.6875,0,-2.4375,-0.5,3.1875,9.9375,-46,-74.8125,50.75,-14.1875,-70.625,12.9375,45.9375,-8.1875,-7.4375,-3.4375,-1,0,0,0,0
Action_18,GLY,0.6875,0.125,-0.4375,0.875,1,0.75,-1.4375,-1.375,3.8125,91.125,78.625,19.5,-29.0625,-25.125,-16.1875,-5.5625,-6.625,10.4375,3.6875,-2.375,0.0625,9.375,-13.9375,4.875,-8.5625,3.875,-3.375,10.6875,0,-2.4375,-0.5,3.1875,9.9375,-46,-74.8125,50.75,-14.1875,-70.625,12.9375,45.9375,-8.1875,-7.4375,-3.4375,-1,0,0,0,0
Action_18,GLZ,0.6875,0.125,-0.4375,0.875,1,0.75,-1.4375,-1.375,3.8125,91.125,78.625,19.5,-29.0625,-25.125,-16.1875,-5.5625,-6.625,10.4375,3.6875,-2.375,0.0625,9.375,-13.9375,4.875,-8.5625,3.875,-3.375,10.6875,0,-2.4375,-0.5,3.1875,9.9375,-46,-74.8125,50.75,-14.1875,-70.625,12.9375,45.9375,-8.1875,-7.4375,-3.4375,-1,0,0,0,0
Action_18,GRX,0.75,0.5625,0.25,-0.1875,0.625,0,-0.8125,-14,-75.5625,-56.875,5.8125,-27.9375,46.5625,-5.25,30.5625,12.75,7.875,-2.8125,-1.8125,4,-2.875,-32.75,12.75,-10.8125,-4.1875,-0.4375,15.75,3.625,4.6875,-2.9375,30.75,24.75,-33.6875,120.9375,156.25,-87.5,66.8125,66.8125,-54.9375,-45.1875,0.6875,17.8125,1.3125,-9.625,0,0,0,0
Action_18,GRY,0.75,0.5625,0.25,-0.1875,0.625,0,-0.8125,-14,-75.5625,-56.875,5.8125,-27.9375,46.5625,-5.25,30.5625,12.75,7.875,-2.8125,-1.8125,4,-2.875,-32.75,12.75,-10.8125,-4.1875,-0.4375,15.75,3.625,4.6875,-2.9375,30.75,24.75,-33.6875,120.9375,156.25,-87.5,66.8125,66.8125,-54.9375,-45.1875,0.6875,17.8125,1.3125,-9.625,0,0,0,0
Action_18,GRZ,0.75,0.5625,0.25,-0.1875,0.625,0,-0.8125,-14,-75.5625,-56.875,5.8125,-27.9375,46.5625,-5.25,30.5625,12.75,7.875,-2.8125,-1.8125,4,-2.875,-32.75,12.75,-10.8125,-4.1875,-0.4375,15.75,3.625,4.6875,-2.9375,30.75,24.75,-33.6875,120.9375,156.25,-87.5,66.8125,66.8125,-54.9375,-45.1875,0.6875,17.8125,1.3125,-9.625,0,0,0,0
Action_18,ORL,2.83622,2.836184,2.836803,2.837294,2.837755,2.837692,2.836542,2.835893,2.837087,2.909339,3.072104,3.189517,3.155073,3.089617,3.087627,3.067189,3.065979,3.079732,3.091341,3.090042,3.087787,3.102937,3.103532,3.019503,2.999787,2.982801,2.979707,2.989176,2.997073,3.000741,3.004048,3.020503,3.072322,3.113929,3.090874,2.838517,3.039653,2.995732,2.997098,3.03421,3.021647,3.021249,3.024986,3.018653,0,0,0,0
Action_18,OPL,3.221422,3.221875,3.221866,3.222101,3.222193,3.222179,3.224637,3.230674,3.233836,3.305725,3.437964,3.766496,4.115988,4.487836,4.761525,4.884581,4.931201,4.960612,4.965139,4.982492,5.006594,5.004004,4.795098,4.307482,4.00326,3.98492,3.996389,4.009975,4.010774,3.996767,3.972858,3.911485,3.785918,3.602813,3.391639,3.283026,3.298975,3.284043,3.281604,3.288139,3.296148,3.300883,3.298564,3.297405,0,0,0,0
Action_18,OYL,8.054637,8.054587,8.053969,8.054236,8.054351,8.054543,8.053983,8.05283,8.053616,8.117238,8.095523,8.074638,8.066626,8.081322,8.099131,8.110626,8.109217,8.121371,8.134125,8.127928,8.122715,8.113201,8.131362,8.252148,8.311293,8.327589,8.313273,8.307623,8.299912,8.296507,8.290025,8.268179,8.231513,8.165175,8.049808,8.017778,7.986217,7.854491,7.816595,7.849976,7.876987,7.860324,7.852884,7.850436,0,0,0,0
Action_18,ORR,6.864335,6.865106,6.864782,6.864782,6.864782,6.864298,6.86683,6.86778,6.798273,6.556325,6.531336,6.49537,6.555071,6.640401,6.661667,6.687695,6.705662,6.702757,6.698974,6.705225,6.694742,6.660459,6.655343,6.661792,6.657246,6.656273,6.668454,6.673701,6.680508,6.674496,6.696118,6.703117,6.617659,6.641528,6.736248,6.712313,6.687412,6.646231,6.771652,6.709299,6.685068,6.719173,6.736668,6.733827,0,0,0,0
Action_18,OPR,3.17925,3.179273,3.179501,3.179501,3.179501,3.179857,3.183502,3.190434,3.226809,3.381727,3.604428,3.930383,4.287463,4.697919,4.863929,4.908552,4.929627,4.951437,4.971404,4.989294,5.010809,4.985608,4.410647,4.13115,4.037447,4.07317,4.078197,4.063681,4.055974,4.053391,4.035336,3.930317,3.789667,3.573017,3.32677,3.324875,3.311105,3.293348,3.292298,3.295264,3.296539,3.293582,3.292474,3.291025,0,0,0,0
Action_18,OYR,8.989754,8.989572,8.989845,8.989845,8.989845,8.98996,8.987621,8.973649,8.966443,9.018265,9.05046,9.041597,9.004845,8.925477,8.889815,8.883678,8.897989,8.896552,8.894205,8.911603,8.934971,8.933641,8.892583,8.824153,8.837116,8.825769,8.840765,8.856043,8.860361,8.863014,8.873891,8.924109,8.965521,9.094444,9.277803,9.11442,9.188866,9.358806,9.255363,9.223696,9.224202,9.222987,9.216871,9.206002,0,0,0,0
Action_19,ALX,0.871582,0.8642578,0.8681641,0.8642578,0.8706055,0.8706055,0.871582,0.8725586,0.8813477,0.8706055,0.8666992,0.8798828,0.875,0.8745117,0.878418,0.8657227,0.8583984,0.8920898,0.8764648,0.9287109,0.8388672,0.456543,0.362793,0.1713867,-0.04638672,0.1601563,-0.3378906,-0.02392578,-0.02929688,1.683105,0.5717773,0.5405273,0.7832031,0.762207,0.644043,0.7089844,0.8461914,0.6928711,0.9399414,0.9418945,0.1538086,0.9262695,0.8144531,0.8662109,0,0,0,0
Action_19,ALY,-0.4775391,-0.4726563,-0.4726563,-0.4765625,-0.4711914,-0.4360352,-0.4614258,-0.456543,-0.4804688,-0.4482422,-0.4873047,-0.4643555,-0.4667969,-0.4628906,-0.4541016,-0.4682617,-0.4726563,-0.4785156,-0.5805664,-0.65625,-0.9599609,-1.05957,-0.956543,-0.8007813,-0.5410156,-0.7485352,-0.8325195,-0.4936523,0.2485352,-1.405762,-1.428711,-1.01416,-0.5498047,-0.5478516,-0.7016602,-0.6958008,-0.4887695,-0.4868164,-0.3168945,-0.4619141,-2.749512,-0.04003906,-0.2080078,-0.574707,0,0,0,0
Action_19,ALZ,0.1611328,0.1655273,0.1640625,0.1567383,0.1665039,0.1831055,0.152832,0.1660156,0.168457,0.1694336,0.1577148,0.1479492,0.1611328,0.1489258,0.1601563,0.1552734,0.1508789,0.1582031,0.1206055,0.2563477,0.4228516,0.581543,0.5727539,0.4418945,0.3203125,0.5786133,0.3017578,0.2421875,0.04833984,0.6870117,0.3583984,0.199707,0.2470703,0.1645508,0.2695313,0.2592773,0.2958984,0.05761719,0.2304688,0.2802734,0.01708984,0.08251953,0.2866211,0.1396484,0,0,0,0
Action_19,ARX,0.8637695,0.8647461,0.8637695,0.8598633,0.8681641,0.8666992,0.8613281,0.8847656,0.8759766,0.8745117,0.8676758,0.8652344,0.8720703,0.8676758,0.8681641,0.8720703,0.8754883,0.956543,0.8623047,0.8271484,0.5698242,0.2749023,0.1479492,-0.07568359,0.1420898,-0.08984375,-0.2539063,-0.06152344,-0.01660156,1.600586,0.4331055,0.6210938,0.6333008,0.6342773,0.6337891,0.6733398,0.7167969,0.6396484,0.8491211,0.7387695,0.5893555,0.7666016,0.7993164,0.9902344,0,0,0,0
Action_19,ARY,0.4165039,0.4135742,0.4125977,0.4145508,0.3964844,0.4101563,0.3862305,0.418457,0.3813477,0.4150391,0.3876953,0.4052734,0.3935547,0.4125977,0.4052734,0.4023438,0.4145508,0.5488281,0.6015625,0.6826172,0.8173828,0.9155273,0.777832,0.6391602,0.6542969,0.8623047,0.7485352,0.1132813,0.5371094,1.353027,1.241699,0.5507813,0.4365234,0.5917969,0.6962891,0.6499023,0.4526367,0.4301758,0.1811523,1.062012,0.3300781,0.394043,0.5595703,0.3354492,0,0,0,0
Action_19,ARZ,0.2026367,0.2099609,0.2006836,0.2070313,0.2167969,0.2167969,0.2172852,0.2202148,0.2158203,0.2114258,0.2084961,0.2084961,0.2143555,0.1967773,0.2094727,0.2192383,0.1855469,0.2045898,0.2822266,0.456543,0.5874023,0.5859375,0.5371094,0.3876953,0.4248047,0.5014648,0.4912109,0.1157227,0.4677734,0.730957,0.3896484,0.4516602,0.4228516,0.4438477,0.3481445,0.3408203,0.2900391,0.2807617,0.4472656,0.06445313,0.6591797,0.3408203,0.03808594,0.08056641,0,0,0,0
Action_19,EMG0L,0,7,3,1,0,-3,-12,26,-21,3,33,24,-18,-2,15,15,-12,-28,12,6,-2,-55,49,-68,0,-104,52,87,72,12,48,-70,-8,20,-13,50,18,-71,-10,51,10,-12,-12,-6,0,0,0,0
Action_19,EMG1L,-3,6,-12,1,-1,-2,-2,-1,-3,-4,3,4,-3,-3,0,2,-1,-6,8,41,-31,4,5,7,-54,-56,-13,44,26,90,127,-7,-21,-29,4,-11,20,-30,-8,23,-11,-7,8,-12,0,0,0,0
Action_19,EMG2L,-3,0,0,-3,1,-2,2,0,-2,-2,-1,0,-2,-1,-1,2,-2,-2,0,6,-4,1,6,-8,-94,-71,-11,44,4,39,97,-29,-7,-27,42,26,-52,1,7,4,-9,6,-1,1,0,0,0,0
Action_19,EMG3L,1,0,-1,0,0,0,0,0,-1,1,0,1,-1,0,-2,0,-1,2,-1,-2,10,5,-30,10,83,49,-22,-28,-35,116,-12,-16,9,-23,-34,13,-8,-8,1,3,-1,1,-1,-1,0,0,0,0
Action_19,EMG4L,-1,-1,-2,-1,3,-3,9,-2,-1,1,-1,-1,1,2,-2,-3,1,5,-1,-1,30,-8,-10,-8,0,-32,-12,22,-46,80,33,-42,-50,-32,-24,-6,-7,-9,5,-3,-2,0,-4,-2,0,0,0,0
Action_19,EMG5L,0,-1,1,-2,12,-2,11,-5,-2,-3,-12,0,3,3,1,-10,4,0,17,-18,34,28,-6,-45,41,12,-17,33,46,36,-22,-3,-10,0,17,-11,39,-16,15,-12,-5,1,-2,-1,0,0,0,0
Action_19,EMG6L,1,-1,1,-2,-3,11,3,1,-4,-5,-5,3,2,0,-1,-2,-1,3,10,-7,0,11,-1,-41,-20,-21,-1,39,127,2,-53,4,9,-14,-2,-11,127,-47,25,-16,-9,6,-3,1,0,0,0,0
Action_19,EMG7L,-1,1,-1,0,-1,-1,-4,17,-8,2,0,-11,-4,1,2,-2,1,9,-21,-5,15,-25,-6,-7,-121,-91,5,116,64,-128,-51,32,-53,20,36,-5,22,-9,11,2,0,0,-1,-3,0,0,0,0
Action_19,EMG0R,-2,3,-2,1,2,3,2,1,3,0,-1,-2,-1,3,3,-5,2,4,0,16,11,-13,-9,42,13,8,39,-2,92,16,-1,-37,-104,-24,23,-1,43,-46,-14,-12,24,23,-10,-13,0,0,0,0
Action_19,EMG1R,-2,-1,0,-3,3,-1,4,-2,2,0,3,-8,-5,2,0,-12,-3,0,1,17,10,5,6,24,-6,25,2,-34,17,41,32,-5,-40,26,12,1,24,6,-3,-1,1,3,-3,-4,0,0,0,0
Action_19,EMG2R,-1,-1,-3,-1,-1,-4,-2,0,0,-3,0,-2,-1,-3,0,3,-6,2,-5,33,-3,3,0,10,59,8,2,-20,23,-19,7,28,-19,11,6,8,8,6,-1,-4,-1,-1,2,-1,0,0,0,0
Action_19,EMG3R,0,1,1,-2,0,-1,-2,-1,3,-3,-1,-1,-1,-3,0,0,3,-3,-9,26,-3,6,-17,-12,13,2,-10,2,26,7,-7,-28,7,22,-24,4,-5,7,2,-1,0,2,-1,-1,0,0,0,0
Action_19,EMG4R,-1,-2,1,-2,-3,0,-2,0,-1,1,0,0,-1,-1,1,0,6,-9,-28,29,-3,-7,-8,-16,-31,32,44,95,-99,0,-34,2,7,-18,-36,42,-12,17,27,13,1,3,-2,4,0,0,0,0
Action_19,EMG5R,1,0,-1,0,-1,0,-5,7,-3,2,11,-2,-1,-2,2,4,10,-8,-70,16,-11,-6,5,-100,-9,-51,28,38,-13,-35,-38,24,5,5,-3,42,-1,-5,-12,-16,9,14,6,8,0,0,0,0
Action_19,EMG6R,3,2,-3,-3,-2,0,4,-5,-8,-9,7,4,6,-19,3,5,-7,24,-20,-73,18,-5,-25,-70,-4,-19,10,24,58,0,-52,-5,35,-7,28,-20,-9,20,30,-14,-1,9,13,5,0,0,0,0
Action_19,EMG7R,2,1,-5,-4,-3,-1,1,-7,3,3,-8,18,2,-5,5,-11,3,1,-35,13,18,0,19,-96,-32,127,29,-76,-29,0,-16,-30,-46,-59,46,-16,12,14,-1,-3,6,2,4,1,0,0,0,0
Action_19,GLX,1.0625,1.0625,0.8125,0.5625,3.6875,16,0.375,-5.625,-11.9375,-0.125,-5.9375,7.5625,-5.0625,1.3125,1.75,-0.125,0.875,2.125,13.625,69.875,86.875,-15.4375,0,-33.6875,-32.875,-30.75,13.5625,10.375,18.3125,-33.375,1.375,3,-2.625,0.8125,-5.6875,-4.5,-21.625,14.75,-64.0625,-104.6875,-115.875,79.125,-70.9375,3.875,0,0,0,0
Action_19,GLY,1.0625,1.0625,0.8125,0.5625,3.6875,16,0.375,-5.625,-11.9375,-0.125,-5.9375,7.5625,-5.0625,1.3125,1.75,-0.125,0.875,2.125,13.625,69.875,86.875,-15.4375,0,-33.6875,-32.875,-30.75,13.5625,10.375,18.3125,-33.375,1.375,3,-2.625,0.8125,-5.6875,-4.5,-21.625,14.75,-64.0625,-104.6875,-115.875,79.125,-70.9375,3.875,0,0,0,0
Action_19,GLZ,1.0625,1.0625,0.8125,0.5625,3.6875,16,0.375,-5.625,-11.9375,-0.125,-5.9375,7.5625,-5.0625,1.3125,1.75,-0.125,0.875,2.125,13.625,69.875,86.875,-15.4375,0,-33.6875,-32.875,-30.75,13.5625,10.375,18.3125,-33.375,1.375,3,-2.625,0.8125,-5.6875,-4.5,-21.625,14.75,-64.0625,-104.6875,-115.875,79.125,-70.9375,3.875,0,0,0,0
Action_19,GRX,1.875,-1.9375,-3.8125,-7.5625,-9.875,-0.1875,4.0625,3.9375,4.125,3.875,7.125,4.875,3.0625,4,-0.4375,2.1875,-2.25,-40.1875,-53.875,-18.75,-15.625,17.6875,35.5,26.8125,40.9375,-11.4375,-12,-55.3125,-9.875,-1.25,-16.625,26.3125,19.375,0.5625,-10,23.0625,49.6875,3,60.5,230.25,-172.625,100.8125,90.5,-33.375,0,0,0,0
Action_19,GRY,1.875,-1.9375,-3.8125,-7.5625,-9.875,-0.1875,4.0625,3.9375,4.125,3.875,7.125,4.875,3.0625,4,-0.4375,2.1875,-2.25,-40.1875,-53.875,-18.75,-15.625,17.6875,35.5,26.8125,40.9375,-11.4375,-12,-55.3125,-9.875,-1.25,-16.625,26.3125,19.375,0.5625,-10,23.0625,49.6875,3,60.5,230.25,-172.625,100.8125,90.5,-33.375,0,0,0,0
Action_19,GRZ,1.875,-1.9375,-3.8125,-7.5625,-9.875,-0.1875,4.0625,3.9375,4.125,3.875,7.125,4.875,3.0625,4,-0.4375,2.1875,-2.25,-40.1875,-53.875,-18.75,-15.625,17.6875,35.5,26.8125,40.9375,-11.4375,-12,-55.3125,-9.875,-1.25,-16.625,26.3125,19.375,0.5625,-10,23.0625,49.6875,3,60.5,230.25,-172.625,100.8125,90.5,-33.375,0,0,0,0
Action_19,ORL,3.0242,3.025131,3.025654,3.025131,3.028578,3.035183,3.046129,3.055082,3.055148,3.058681,3.051337,3.042281,3.029357,3.023242,3.020715,3.019303,3.015037,3.01652,3.056141,3.126408,3.289235,3.297339,3.275089,3.233375,3.179825,3.108437,3.129709,3.154681,3.216747,2.984865,3.015193,3.017025,3.020687,3.022449,3.017808,3.021205,3.002157,3.015562,3.05537,3.0155,2.877704,3.074287,3.097555,3.067389,0,0,0,0
Action_19,OPL,3.329908,3.330738,3.330999,3.33099,3.331324,3.325139,3.31713,3.309386,3.305766,3.306491,3.307927,3.309098,3.307058,3.309054,3.307699,3.308225,3.309021,3.313974,3.367655,3.467682,3.764173,4.140845,4.589901,5.033982,5.335978,5.302391,5.335523,5.299208,4.986743,4.054731,3.843034,3.879898,3.917984,3.905024,3.882785,3.856848,3.808867,3.745489,3.537507,3.412663,3.248079,3.28512,3.273731,3.265839,0,0,0,0
Action_19,OYL,7.833258,7.835031,7.834538,7.83506,7.836207,7.850699,7.853641,7.833618,7.810866,7.796634,7.792312,7.804683,7.812464,7.817692,7.824828,7.826276,7.829719,7.833598,7.814379,7.799719,7.819503,7.851333,7.901003,7.934235,7.949393,7.965389,7.990918,7.990174,8.07651,8.261391,8.266572,8.265339,8.250491,8.241496,8.227213,8.217911,8.196453,8.167639,8.080523,7.995393,7.849016,7.942491,7.834432,7.781441,0,0,0,0
Action_19,ORR,6.763054,6.760839,6.757161,6.749115,6.74318,6.73005,6.723131,6.731796,6.731111,6.738375,6.737601,6.747967,6.751019,6.759626,6.763358,6.767486,6.782184,6.743208,6.650961,6.585954,6.564997,6.6062,6.659254,6.733063,6.770877,6.782628,6.756594,6.643684,6.58397,6.563439,6.58005,6.605666,6.609054,6.592579,6.583178,6.619342,6.659999,6.669862,6.63174,6.808087,6.765244,6.732304,6.780094,6.84437,0,0,0,0
Action_19,OPR,3.284553,3.285002,3.28439,3.282179,3.275998,3.271837,3.267602,3.265463,3.262152,3.265108,3.264083,3.265276,3.264093,3.264307,3.264204,3.264294,3.267075,3.315874,3.445701,3.654644,4.083709,4.48275,4.875566,5.263593,5.295271,5.247778,5.265299,5.12095,4.532803,4.03495,3.88622,3.934658,3.941442,3.926181,3.92095,3.898805,3.828526,3.718882,3.53344,3.299884,3.287592,3.265446,3.264974,3.248381,0,0,0,0
Action_19,OYR,9.177417,9.177657,9.176675,9.171917,9.16061,9.163209,9.174585,9.178238,9.182651,9.182355,9.193835,9.202187,9.205478,9.202281,9.201572,9.197996,9.181179,9.176035,9.191649,9.203895,9.154268,9.11114,9.08463,9.059812,9.05534,9.0614,9.083564,9.05515,9.008654,8.936661,8.951035,8.922921,8.954879,8.980618,8.987279,8.987272,9.00126,9.025996,9.098186,9.277856,9.089007,9.215383,9.321437,9.231203,0,0,0,0
Action_20,ALX,0.8608398,0.8955078,0.7885742,0.8496094,0.7543945,0.453125,0.2724609,0.4086914,0.06835938,-0.03027344,-0.07519531,-0.08935547,-0.2412109,1.255859,0.559082,0.378418,0.6801758,0.6455078,0.6845703,0.6806641,0.6660156,0.8442383,0.7246094,0.9428711,1.012695,1.136719,0.9716797,0.9365234,0.8759766,0.840332,0.8491211,0.8813477,0.8691406,0.8642578,0.8754883,0.8710938,0.8623047,0.878418,0.8764648,0.871582,0.8720703,0.8696289,0.8686523,0.8730469,0,0,0,0
Action_20,ALY,-0.4765625,-0.5405273,-0.6787109,-1.008789,-1.030762,-0.8330078,-0.5795898,-0.6445313,-0.8022461,-0.8696289,-0.9277344,-0.8852539,-0.09570313,-0.3027344,-1.652832,-1.321289,-0.7851563,-0.6577148,-0.6235352,-0.7045898,-0.7045898,-0.5341797,-0.4448242,-0.4174805,-0.4555664,-1.090332,0.3305664,-0.5581055,-0.5161133,-0.4589844,-0.4677734,-0.4760742,-0.480957,-0.4672852,-0.4545898,-0.4516602,-0.4697266,-0.4536133,-0.4716797,-0.4672852,-0.4643555,-0.4648438,-0.4682617,-0.4633789,0,0,0,0
Action_20,ALZ,0.1669922,0.1464844,0.109375,0.2509766,0.503418,0.5756836,0.309082,0.2729492,0.4204102,0.4042969,0.4331055,0.3823242,0.2006836,0.206543,0.6269531,0.3759766,0.3105469,0.3442383,0.2832031,0.2895508,0.3330078,0.2280273,0.2871094,0.1899414,0.1523438,0.05859375,0.1337891,0.2241211,0.07324219,0.1879883,0.2041016,0.1240234,0.1850586,0.2036133,0.1494141,0.1748047,0.1606445,0.1679688,0.1645508,0.168457,0.168457,0.1679688,0.1787109,0.1650391,0,0,0,0
Action_20,ARX,0.8798828,0.9819336,0.8754883,0.6484375,0.5161133,0.1342773,0.5483398,0.1274414,-0.1572266,-0.03759766,-0.121582,-0.07080078,-0.5566406,1.570801,0.5473633,0.4086914,0.5869141,0.6826172,0.6254883,0.6459961,0.6777344,0.7001953,0.6118164,0.878418,0.8837891,0.8432617,0.8720703,0.8911133,0.8696289,0.8374023,0.8837891,0.8701172,0.8583984,0.8671875,0.8647461,0.8637695,0.8701172,0.8666992,0.8706055,0.871582,0.8676758,0.871582,0.8696289,0.8671875,0,0,0,0
Action_20,ARY,0.4208984,0.5449219,0.75,0.9101563,0.996582,0.6279297,0.5141602,0.730957,0.7597656,0.9111328,0.8369141,0.4638672,0.1313477,1.209473,1.331055,0.925293,0.5751953,0.5385742,0.6660156,0.6420898,0.5332031,0.5253906,0.3803711,0.5107422,1.999023,0.2036133,0.3256836,0.4912109,0.3427734,0.4584961,0.3984375,0.4248047,0.4023438,0.4311523,0.4111328,0.421875,0.4223633,0.4160156,0.4111328,0.4038086,0.4125977,0.4121094,0.4091797,0.4091797,0,0,0,0
Action_20,ARZ,0.2026367,0.203125,0.3486328,0.565918,0.6826172,0.4448242,0.2900391,0.465332,0.4921875,0.5063477,0.4370117,0.394043,0.2319336,0.5102539,0.5083008,0.5546875,0.4663086,0.3959961,0.3896484,0.3867188,0.3417969,0.3457031,0.3769531,0.3208008,-0.7041016,0.3027344,0.3813477,-0.006347656,0.2084961,0.2412109,0.1630859,0.1484375,0.2197266,0.1611328,0.2060547,0.203125,0.1860352,0.1987305,0.190918,0.206543,0.1918945,0.1972656,0.1977539,0.1894531,0,0,0,0
Action_20,EMG0L,-3,3,-5,-38,-31,-68,113,-88,127,-72,-13,53,65,-56,-22,9,5,-75,-7,-30,23,74,11,-73,44,45,3,9,18,3,-28,1,1,-7,-2,1,-6,3,-3,4,-3,4,3,-1,0,0,0,0
Action_20,EMG1L,-1,0,1,-50,42,-53,75,-40,23,-10,4,12,8,-45,-1,-8,-23,21,-14,-4,19,-13,0,-51,-4,4,-22,14,-8,5,-17,-7,-19,7,28,0,1,-2,-3,-5,0,0,-13,-4,0,0,0,0
Action_20,EMG2L,-3,2,2,-18,0,-36,61,-11,37,-7,-29,-5,33,56,19,10,-21,-12,28,18,7,1,-10,-13,6,-5,10,2,2,-3,0,0,10,0,-4,-7,5,5,-2,6,-2,-11,-5,-2,0,0,0,0
Action_20,EMG3L,-1,0,1,-24,32,-29,38,-48,-46,14,-71,-13,-54,90,-12,-17,50,-7,-26,16,-45,4,-32,2,-8,-10,0,-2,-3,-2,-2,0,6,-1,-1,-6,-1,2,-2,0,-1,-2,-2,-2,0,0,0,0
Action_20,EMG4L,0,-1,-2,-26,18,-8,9,-20,5,-17,-12,16,3,-18,-9,11,47,0,-5,-3,2,12,-2,0,-6,-3,-1,-1,-2,-3,-2,-2,-3,0,-4,-2,-1,-3,-4,-2,-2,-1,-2,0,0,0,0,0
Action_20,EMG5L,-3,3,-3,-82,8,-6,36,-9,14,-32,-31,-14,86,23,-25,-10,13,-55,18,6,13,4,4,2,-5,1,-4,-4,-2,-4,0,-2,-1,-2,-3,1,-1,-1,-3,0,-2,1,0,-1,0,0,0,0
Action_20,EMG6L,-2,3,-23,-24,17,-25,95,-58,61,-64,-67,-93,76,-33,-56,42,-30,-44,-8,-24,32,-38,-16,4,-19,3,-4,-3,2,-2,1,-3,-2,1,-6,0,0,-1,-3,1,0,1,0,0,0,0,0,0
Action_20,EMG7L,-1,-10,10,8,28,56,87,42,87,-55,-2,6,100,-21,-67,36,-37,45,-7,-19,19,-7,4,19,1,5,1,0,1,0,-1,-6,-5,-1,-6,1,-1,-1,-2,3,-2,0,-2,1,0,0,0,0
Action_20,EMG0R,12,-33,2,-62,0,12,-45,51,-48,-35,-34,21,-61,-25,-22,-15,36,-38,-42,24,-61,-28,-45,-8,-1,-11,11,-30,2,-12,2,19,-12,-25,5,-5,-8,1,2,1,10,-2,5,6,0,0,0,0
Action_20,EMG1R,23,-6,-2,-12,7,-9,-8,38,-9,-28,-18,38,-51,27,-89,-34,29,1,-64,10,-25,0,-5,-7,-3,-7,3,-5,-3,-1,0,1,-5,-5,0,0,0,2,-1,-2,2,-2,1,0,0,0,0,0
Action_20,EMG2R,-9,-5,-36,-15,19,-16,-4,-17,-17,1,-18,-9,-25,31,-35,-24,4,-12,-8,9,-7,0,3,-5,-3,-1,-2,1,-1,-3,1,-2,-3,-1,-1,-1,0,-1,0,0,0,-3,-2,-2,0,0,0,0
Action_20,EMG3R,-4,-2,-10,6,2,-2,12,-38,-8,3,-27,-14,-26,74,-2,-15,12,4,2,16,12,8,5,-5,-1,-1,-7,0,0,-2,-2,-4,-1,1,-1,1,-3,-1,-1,-3,1,-4,-2,-1,0,0,0,0
Action_20,EMG4R,-3,-1,-4,15,-8,66,99,-55,19,-55,-13,101,-16,-29,-64,-16,16,13,10,-64,12,6,7,-8,2,12,-24,-1,-4,6,-17,1,2,0,37,0,-17,5,4,-13,0,-6,14,11,0,0,0,0
Action_20,EMG5R,-1,1,0,33,-26,-20,-40,1,-27,15,33,37,-62,-66,-73,28,-11,32,10,14,7,11,-12,-19,1,17,-1,2,-13,21,-24,12,-8,-10,15,-6,-4,-2,-2,-10,-23,-5,8,7,0,0,0,0
Action_20,EMG6R,-7,-1,-15,-69,23,42,69,-43,-7,10,38,-6,-20,-101,-42,34,15,25,-9,30,-28,-11,-12,59,-22,-10,-6,-1,-6,-1,-7,-21,-3,2,24,-1,1,-2,-9,-11,12,24,-4,-1,0,0,0,0
Action_20,EMG7R,2,-31,-4,-8,-19,87,0,-74,18,40,-59,75,-61,-109,16,-19,10,38,12,17,-7,15,2,7,-8,-10,-4,-1,1,-1,0,8,1,-3,4,1,-4,2,-2,-5,0,-9,4,7,0,0,0,0
Action_20,GLX,0.9375,1.75,67.25,49.8125,25.125,-61.5625,35.25,1.375,-2.875,2.1875,4.4375,-0.5625,25.8125,-91.625,36.0625,-6,-19.5625,2.5625,-1.6875,-0.6875,2,-4,-0.3125,-107.5,-190.9375,241.0625,28.25,-13.75,44.1875,-8.8125,3.0625,1.75,-1,-3.4375,-8.8125,1.25,-1.375,3.0625,3.25,2.0625,0.4375,1.75,1.0625,1.375,0,0,0,0
Action_20,GLY,0.9375,1.75,67.25,49.8125,25.125,-61.5625,35.25,1.375,-2.875,2.1875,4.4375,-0.5625,25.8125,-91.625,36.0625,-6,-19.5625,2.5625,-1.6875,-0.6875,2,-4,-0.3125,-107.5,-190.9375,241.0625,28.25,-13.75,44.1875,-8.8125,3.0625,1.75,-1,-3.4375,-8.8125,1.25,-1.375,3.0625,3.25,2.0625,0.4375,1.75,1.0625,1.375,0,0,0,0
Action_20,GLZ,0.9375,1.75,67.25,49.8125,25.125,-61.5625,35.25,1.375,-2.875,2.1875,4.4375,-0.5625,25.8125,-91.625,36.0625,-6,-19.5625,2.5625,-1.6875,-0.6875,2,-4,-0.3125,-107.5,-190.9375,241.0625,28.25,-13.75,44.1875,-8.8125,3.0625,1.75,-1,-3.4375,-8.8125,1.25,-1.375,3.0625,3.25,2.0625,0.4375,1.75,1.0625,1.375,0,0,0,0
Action_20,GRX,-2.0625,-35.875,-59.8125,33.9375,9.9375,-25.75,10.875,23.375,23.6875,-1.0625,8.75,-26.5625,-19.8125,-12.375,12.375,-1.3125,20.875,14.3125,-8.625,5.5625,22.5625,7.5,-32.6875,168.625,41,86.75,40,-27.4375,-56.0625,8.375,20.125,-11.4375,0.6875,3.25,-13.625,0.1875,-1.5625,0.5,1.125,2.75,0.3125,0.75,0.8125,-1.5,0,0,0,0
Action_20,GRY,-2.0625,-35.875,-59.8125,33.9375,9.9375,-25.75,10.875,23.375,23.6875,-1.0625,8.75,-26.5625,-19.8125,-12.375,12.375,-1.3125,20.875,14.3125,-8.625,5.5625,22.5625,7.5,-32.6875,168.625,41,86.75,40,-27.4375,-56.0625,8.375,20.125,-11.4375,0.6875,3.25,-13.625,0.1875,-1.5625,0.5,1.125,2.75,0.3125,0.75,0.8125,-1.5,0,0,0,0
Action_20,GRZ,-2.0625,-35.875,-59.8125,33.9375,9.9375,-25.75,10.875,23.375,23.6875,-1.0625,8.75,-26.5625,-19.8125,-12.375,12.375,-1.3125,20.875,14.3125,-8.625,5.5625,22.5625,7.5,-32.6875,168.625,41,86.75,40,-27.4375,-56.0625,8.375,20.125,-11.4375,0.6875,3.25,-13.625,0.1875,-1.5625,0.5,1.125,2.75,0.3125,0.75,0.8125,-1.5,0,0,0,0
Action_20,ORL,3.049668,3.046604,3.107194,3.130832,3.178009,3.134458,3.132085,3.152802,3.169044,3.179072,3.190744,3.191571,3.226544,3.143098,3.087251,3.086972,3.065551,3.078172,3.091098,3.09915,3.097374,3.105743,3.147207,3.138675,3.108143,2.995322,3.156243,3.088127,3.093089,3.101928,3.105029,3.099786,3.094676,3.096531,3.085165,3.075832,3.072062,3.074594,3.073823,3.073311,3.074028,3.073927,3.075288,3.076044,0,0,0,0
Action_20,OPL,3.332672,3.339317,3.422904,3.598207,3.876549,4.305619,4.72195,4.96461,5.076013,5.11001,5.13436,5.171875,5.1299,4.597844,4.062158,3.936916,3.946308,3.974143,3.974476,3.959641,3.942754,3.895517,3.781868,3.519454,3.284676,3.290893,3.287798,3.264004,3.275233,3.28257,3.295991,3.294502,3.298945,3.301798,3.298514,3.297193,3.296468,3.297626,3.300634,3.303155,3.304391,3.305846,3.308037,3.308327,0,0,0,0
Action_20,OYL,7.812122,7.81834,7.846747,7.893888,7.91008,7.919688,7.926103,7.948543,7.973635,7.985414,7.984291,7.98765,8.022819,8.158422,8.202072,8.211322,8.220707,8.207471,8.204647,8.19859,8.194465,8.18434,8.145152,8.037869,7.740794,7.886715,7.825168,7.754134,7.823493,7.83072,7.818282,7.832735,7.838037,7.831667,7.835079,7.836174,7.836492,7.83686,7.845244,7.850699,7.852891,7.856357,7.857842,7.858438,0,0,0,0
Action_20,ORR,6.78519,6.782881,6.646491,6.608416,6.631099,6.659542,6.657827,6.698858,6.720657,6.718309,6.726909,6.699224,6.627709,6.647424,6.62335,6.607472,6.630271,6.637867,6.631501,6.630107,6.653814,6.681564,6.635393,6.730898,6.883217,6.692426,6.684179,6.830083,6.776957,6.743308,6.77897,6.808906,6.792935,6.802197,6.783892,6.776563,6.783119,6.779168,6.778624,6.777651,6.781213,6.781582,6.783292,6.782425,0,0,0,0
Action_20,OPR,3.280059,3.298074,3.469993,3.720837,4.275128,4.738534,5.011716,5.087337,5.095682,5.116808,5.146188,5.131025,4.829471,4.110682,3.909134,3.931774,3.953755,3.938588,3.935934,3.935549,3.927115,3.869224,3.748189,3.446244,3.286246,3.271952,3.274933,3.266616,3.263998,3.279281,3.268922,3.270938,3.274382,3.271288,3.273388,3.274982,3.273615,3.273814,3.273143,3.272355,3.272099,3.271779,3.270084,3.269098,0,0,0,0
Action_20,OYR,9.184967,9.146092,9.167397,9.210292,9.213449,9.151498,9.075786,9.071325,9.081388,9.066636,9.07273,9.065508,9.025325,8.948256,9.000382,9.003331,9.002658,9.019225,9.03228,9.034898,9.034318,9.045651,9.066185,9.228456,9.337785,9.370272,9.506263,9.402437,9.373155,9.383858,9.380768,9.345622,9.342625,9.344638,9.339974,9.340566,9.337018,9.339031,9.341028,9.346689,9.345403,9.345267,9.346713,9.347207,0,0,0,0
